           1   960.21783322819579     
           2  -11.555514412856667     
           3   1.5684373528689908     
           4 -0.74502854604871949     
           5 -0.83705438331326076     
           6  0.28146964160708654     
           7  -7.1799699299771730E-002
           8  -7.2581640143311449E-003
           9   7.2057967163652176E-003
          10  -5.1393893918193975E-003
          11   1.2830411012942475E-002
          12   1.2709787296567871E-002
          13  -8.1177307199877815E-004
          14   2.6061969116344739E-003
          15  -3.1307715674121461E-004
          16   5.6518496948578469E-005
          17  -1.0336936293938904E-005
          18   8.6123646316286696E-006
          19  -1.0483447880540306E-006
          20   3.4680234267933274E-007
          21   3.8524030016044636E-007
          22  -1.5565230661063404E-008
          23   1.9033222515878713E-008
          24   6.2928435352648290E-009
          25  -8.4468994108040844E-009
          26  -1.4497072455299690E-009
          27  -6.2234051993767379E-010
          28   5.7671014550949234E-011
          29  -1.0137885280552678E-010
          30   1.3838306272598330E-010
          31  -8.7792043795378689E-012
          32   2.7848970819734513E-011
          33  -5.7434714364142176E-011
          34  -1.5172837663782778E-012
          35  -1.3220555154771555E-011
          36   6.9852644703818917E-012
          37   9.4914803740467268E-011
          38   1.2187246759090961E-016
