   6.2604047048036016e-02   5.5459976242861607e-02
   1.8705549837724700e-01   6.2397622424702398e-02
   2.9067621890739392e-01   1.0695662564815750e-01
   3.8206836200344890e-01   5.2971865542215529e-02
   5.0020715754859568e-01   6.9001099030555388e-02
   6.1538618807118017e-01   6.9613521197569417e-02
   7.2663812435547703e-01   6.8296683174921158e-02
   8.3694852825584631e-01   6.2365100061844467e-02
   9.4666245236756441e-01   5.4713632966961301e-02
   6.7533399213081199e-02   1.6770622321119749e-01
   1.9776084837253469e-01   2.1055697339178539e-01
   2.7133203282064328e-01   3.0368096534769068e-01
   3.1342506451468027e-01   2.6906509396269551e-01
   4.1671476873560831e-01   1.8602985434847041e-01
   5.5558776833639578e-01   1.9912406242644279e-01
   6.8386888096950349e-01   2.0442703023972089e-01
   8.1152380497942067e-01   1.8891196766227950e-01
   9.3726333601567680e-01   1.6625849469152129e-01
   7.7944952033479009e-02   2.8242081306412181e-01
   2.4083196381681921e-01   3.4577536329310549e-01
   2.9243305631710492e-01   3.5635474063236161e-01
   3.2388737382361010e-01   3.1625353229418379e-01
   3.6947074485622511e-01   3.0448573458545919e-01
   5.0448080011140173e-01   3.1548456751854093e-01
   6.4575645138250026e-01   3.3463324932414112e-01
   7.9019932408496718e-01   3.1394001218569328e-01
   9.3166466466782316e-01   2.7898248012995241e-01
   7.2234381347618920e-02   3.8690673695349692e-01
   2.7466684226408211e-01   3.9840984436689553e-01
   3.2922738547307379e-01   3.9585302829316699e-01
   3.5944007072787432e-01   3.5715732008788420e-01
   4.5422430776234418e-01   4.2868823548656071e-01
   5.4361207299006054e-01   4.3080490321051490e-01
   6.3039406599200487e-01   4.6368352219808218e-01
   7.7364519434961643e-01   4.3667061821892039e-01
   9.2358673371399036e-01   3.9042967792961819e-01
   6.1512419412802409e-02   5.0426823451696423e-01
   1.8164898510449601e-01   4.6412015757998132e-01
   3.0237995572141391e-01   5.4269747621875475e-01
   4.1483011308885981e-01   5.1246954801239541e-01
   4.8465019544848198e-01   4.8549562862045192e-01
   5.6165878819680315e-01   5.0891378443476520e-01
   6.3091477763533410e-01   5.6259386416190249e-01
   7.8675413192303156e-01   5.5628866700411406e-01
   9.2826625128551443e-01   5.0002724390678488e-01
   5.2948236835110227e-02   6.2001713246003165e-01
   1.7756626918703841e-01   5.9915175846615742e-01
   2.7962574803632329e-01   6.8629765023430067e-01
   4.1664674597675172e-01   6.1308425415358958e-01
   4.8056869296493748e-01   5.6791657922523531e-01
   5.5380716051660184e-01   5.8510972062937583e-01
   7.5614271220216533e-01   6.7798741470771928e-01
   7.8379892034235943e-01   7.1323418180406462e-01
   9.2127409649189929e-01   6.1243287353324671e-01
   9.1081072870571003e-02   7.1878848392220851e-01
   2.4637370589614729e-01   7.1237191517170984e-01
   2.6494505421214742e-01   7.4888598343125334e-01
   3.1207710097973651e-01   7.1004736663058965e-01
   5.1984356432901946e-01   6.6123225892378257e-01
   7.1295209765891510e-01   6.6379423398807502e-01
   7.1485038911932275e-01   7.0068356941450816e-01
   7.4699626954022069e-01   7.2230513078606939e-01
   9.3455985150470500e-01   7.2065168737504248e-01
   5.5376644546333703e-02   8.2349239293093868e-01
   1.7929243429861400e-01   8.2389448223805073e-01
   3.0291436761768697e-01   7.5007417898238338e-01
   4.3536471662198151e-01   7.8396814310832263e-01
   5.8130537825688544e-01   8.0349346183782655e-01
   6.7845360984669434e-01   7.0490550157070064e-01
   7.0482327461871697e-01   7.4452304987570161e-01
   7.4929640706212464e-01   7.6047856762255017e-01
   9.0952420576316573e-01   8.2570358377546493e-01
   6.0106933369263711e-02   9.4051175760957262e-01
   1.7845033620445910e-01   9.4587242089109691e-01
   2.8916016037552361e-01   9.0972870454542443e-01
   3.9173052140587811e-01   9.2936085886847619e-01
   5.0124783563617181e-01   9.2496721977346164e-01
   6.1461164811693103e-01   9.4375336169331880e-01
   7.1533444523265211e-01   9.0322674319099416e-01
   8.2207701415006851e-01   9.3066037096412468e-01
   9.4507574400129302e-01   9.4017268050083624e-01
   0.0000000000000000e+00   0.0000000000000000e+00
   1.2811480599535521e-01   0.0000000000000000e+00
   0.0000000000000000e+00   1.1444062645868790e-01
   2.8220832484595740e-01   0.0000000000000000e+00
   4.4941248917113791e-01   0.0000000000000000e+00
   5.5816518896128620e-01   0.0000000000000000e+00
   6.7019596637028256e-01   0.0000000000000000e+00
   7.7828037014029550e-01   0.0000000000000000e+00
   8.8772294527226125e-01   0.0000000000000000e+00
   1.0000000000000000e+00   0.0000000000000000e+00
   1.0000000000000000e+00   1.1537645054706960e-01
   0.0000000000000000e+00   2.3166536163537821e-01
   1.0000000000000000e+00   2.2587546923303939e-01
   0.0000000000000000e+00   3.3055982652032162e-01
   1.0000000000000000e+00   3.3995192294789528e-01
   0.0000000000000000e+00   4.3947803699595711e-01
   1.0000000000000000e+00   4.4206572389168719e-01
   0.0000000000000000e+00   5.5790825026498803e-01
   1.0000000000000000e+00   5.6090970502434190e-01
   0.0000000000000000e+00   6.9720563750347642e-01
   1.0000000000000000e+00   6.5769282637086224e-01
   0.0000000000000000e+00   7.4616912110160505e-01
   1.0000000000000000e+00   7.9175634020339780e-01
   0.0000000000000000e+00   8.8433617902883577e-01
   1.0000000000000000e+00   8.6035913224363691e-01
   0.0000000000000000e+00   1.0000000000000000e+00
   1.1670537701363411e-01   1.0000000000000000e+00
   2.5737638121308393e-01   1.0000000000000000e+00
   3.2504606525437418e-01   1.0000000000000000e+00
   4.4941122720904708e-01   1.0000000000000000e+00
   5.4705222402604692e-01   1.0000000000000000e+00
   6.9575743258444001e-01   1.0000000000000000e+00
   7.4735961105843396e-01   1.0000000000000000e+00
   8.7858170962720783e-01   1.0000000000000000e+00
   1.0000000000000000e+00   1.0000000000000000e+00
   5.1000000000000001e-01   5.2000000000000002e-01
   3.1000000000000000e-01   3.4000000000000002e-01
   7.2999999999999998e-01   7.0999999999999996e-01
   2.8000000000000003e-01   7.1999999999999997e-01
