   4.1193919230163800e-01   8.7616322899845200e-01
   1.2634154016765101e-01   2.1385797262954900e-01
   2.6285686453410601e-01   4.2397637860485599e-01
   5.0420994432095001e-01   1.3047729124568899e-01
   2.6071904244784300e-01   2.7651170004232600e-01
   3.1027278353924997e-01   1.4895322202204900e-01
   4.2320831722773500e-01   1.7363248756276800e-01
   3.9329896431721600e-01   7.2221389456740404e-01
   3.4379642721013698e-01   3.9689194753889001e-01
   4.6717124082827000e-01   6.1477225835463800e-01
   2.7728779392305902e-01   7.6934256882741503e-01
   1.7550926060980999e-02   7.7502473102674596e-01
   6.7229451712464094e-01   8.4465067589929899e-01
   2.5225072882952498e-01   7.4281079173025799e-01
   7.4852227102432201e-01   8.1778584959654499e-01
   3.5542017181839602e-01   7.2755964922848604e-01
   3.3354340752910000e-01   3.2568950446590000e-01
   7.2813601027200203e-01   7.2657463874440997e-01
   7.2151184053099304e-01   6.6003315599231105e-01
   2.5909012137907000e-01   7.2295066092373195e-01
   2.4707865432498199e-01   7.2191988877379099e-01
   2.5160832758215801e-01   3.4568915216678497e-01
   5.9883909150209402e-01   5.4116391167575095e-01
   7.4972923652076295e-01   7.2803227822048000e-01
   4.8664214887713902e-01   5.5421355860472998e-01
   1.8710361980551701e-01   9.8149546641731700e-01
   6.9243973752033605e-01   2.0335526975731100e-01
   9.1853092558319005e-01   9.0784887056888997e-01
   2.7135915293695001e-01   7.2718968648689197e-01
   8.5670454207305802e-01   4.4168523404544702e-01
   2.4661722630078101e-01   6.7310267224173503e-01
   7.6974659496932196e-01   5.3983545053140902e-01
   8.3823088998052997e-01   2.0251344832126400e-01
   4.8605640790988303e-01   5.2701718470363002e-01
   5.7225542180627798e-01   9.8092969852377299e-01
   8.6949799138909500e-01   5.9774356084139002e-01
   9.3932138472548998e-02   5.7831559362198603e-01
   4.2347087213662998e-01   1.3064752430068199e-01
   6.1308501157830497e-01   2.8039457311699800e-01
   7.2974701256627295e-01   1.7998089264173800e-01
   2.7492019010573898e-01   1.3002541000617701e-01
   1.2668582520946800e-01   3.4339109312263000e-01
   2.3676210335443401e-01   3.0293118597741397e-01
   7.2201671203469897e-01   4.6619912572084898e-01
   9.8195045921502699e-01   1.6181563518841099e-01
   4.8379017908044802e-01   9.8244855701657696e-01
   9.8173782234909102e-01   7.9578996278708503e-01
   3.5697200839867599e-01   3.7684457413898598e-01
   2.2442162616367800e-01   3.2987387163197601e-01
   3.7353053529281000e-01   3.9627266713291198e-01
   5.1042357019986895e-01   4.8410096430318800e-01
   6.9309135271195299e-01   7.5707081459452696e-01
   5.2566328897289205e-01   5.2967564074241102e-01
   2.7940578719575998e-01   6.5070478371350604e-01
   1.6818922524921401e-01   4.3198187746814998e-02
   1.6179193120396401e-01   6.0359276243426796e-01
   2.5349546972115600e-01   7.5506735893774102e-01
   7.3147905090668797e-01   6.9320334589636301e-01
   4.5477882981172202e-01   5.0046985109073105e-01
   2.2584929536960999e-01   7.6344994001964295e-01
   7.1213636852392004e-01   7.9346681956005005e-01
   2.6814489856451801e-01   3.6045910742340698e-01
   7.3912180430403396e-01   7.2697098721457498e-01
   4.6988999647975299e-01   3.6080976662514003e-01
   5.2931066157073303e-01   1.6944951099596001e-02
   2.6065156272326301e-01   2.5213392678268698e-01
   7.3832510438865995e-01   4.2046351754143801e-01
   4.5615151832470502e-01   4.1594758499564199e-01
   5.4857845008069395e-01   4.9461589309865002e-02
   3.8916463034415499e-01   2.7156498209744701e-01
   6.6982096930875001e-01   5.0750479857466901e-01
   1.3306758862094401e-01   7.2476324158315197e-01
   6.9208580683769905e-01   6.5903526309336302e-01
   7.4659424338106195e-01   7.4695168560541303e-01
   4.2848136598849601e-01   4.5914243011472600e-01
   6.9008553261506500e-01   7.4215473759426798e-01
   3.5366349526289698e-01   9.8109101006773602e-01
   6.4189053466102397e-01   7.7866133633653600e-01
   3.0493217478817503e-01   4.1853001893170300e-01
   7.1934986110630095e-01   7.5803665478665305e-01
   7.3085497645229702e-01   5.3911411265477305e-01
   8.0914143481934198e-01   7.2051219871264705e-01
   4.6495285059833202e-01   5.2008046909647998e-01
   4.4631153036382798e-01   8.2103381999540204e-01
   5.4628891197130203e-01   4.0501539797189601e-01
   7.6169763696806303e-01   6.9253874225945300e-01
   4.8911795677389999e-02   5.1134367185891305e-01
   2.4866995957071700e-01   6.8819408793657300e-01
   9.8153992579952098e-01   4.7851890076918902e-01
   9.4837434218459205e-01   5.0339121306515699e-01
   3.6597231435925398e-01   2.6209295992017301e-01
   8.0284312652651202e-01   1.8076326842127199e-01
   9.1237214426804802e-01   3.8063133417777700e-01
   6.2732175220915298e-01   4.4741139120675499e-01
   4.1790774840876099e-01   5.1939934617512895e-01
   5.2956833950105597e-01   9.8171655331141205e-01
   3.5902078580344399e-01   1.7094661991289999e-02
   7.4798510790249695e-01   7.1825593158669598e-01
   5.1820817187751200e-01   8.7042022388707796e-01
   9.8291062258788597e-01   8.8336419945892097e-01
   3.4092557139780599e-01   2.8720657233835101e-01
   4.5864645821802802e-01   9.4914561517980900e-01
   8.7186681855258397e-01   6.4176363852850105e-01
   6.3842832722070297e-01   8.2096661013986605e-01
   6.9942753898575405e-01   7.3538741975621102e-01
   2.1921557906727099e-01   3.5110836025142000e-01
   4.6594392644901500e-01   5.8896066408211700e-01
   5.6129174031389999e-02   8.4100830344784305e-01
   6.2360252884966405e-01   8.4635396295054996e-02
   5.8877527291970599e-01   1.0274122477877901e-01
   9.0795573622654202e-01   6.1851376837184802e-01
   6.1717063540616002e-01   1.2813133192744799e-01
   6.6906605252280305e-01   8.2446828439534006e-02
   7.5144030677820595e-01   7.3768438793161795e-01
   3.9820421578222098e-01   3.5760080907907099e-01
   4.5473889512249499e-01   7.7956600055650704e-01
   7.6604170287595796e-01   2.0351286537448701e-01
   7.6731139920355895e-01   7.1460467387288296e-01
   2.4712833965384301e-01   7.6867369590029999e-01
   5.7464982348070001e-02   7.1337136761089803e-01
   5.4494057965446999e-02   2.9674816641939000e-01
   2.2618268367949201e-01   3.7253796018658603e-01
   2.4567082564501699e-01   3.7250255514370401e-01
   5.7431222464847198e-01   2.9777631343559502e-01
   1.8265079201279000e-02   3.1699793921245201e-01
   4.2414097831122399e-01   2.1368610548054701e-01
   6.5421612357727899e-01   5.3970251662645097e-01
   2.0989861511776700e-01   4.3556124696044701e-01
   2.3863448118060601e-01   1.0917619628829300e-01
   2.8028158968402400e-01   6.9002508229963400e-01
   2.0073863954675000e-01   1.3188198927394301e-01
   3.3597266778186602e-01   3.1283289526718100e-01
   7.5661464781068100e-01   7.1105430859848795e-01
   3.0105731260070201e-01   4.7913717499264002e-01
   7.9069487070387201e-01   1.9709283729915001e-02
   4.8199088314600202e-01   3.9591216420268299e-01
   4.8887354693317198e-01   4.4401326242114397e-01
   7.2837919675635898e-01   1.3452742060482700e-01
   8.0475629155746997e-01   1.3704979876275600e-01
   8.3478044379102001e-01   6.2727184229601995e-01
   2.3944952209560399e-01   3.9070475928677700e-01
   7.2078507037353701e-01   7.3627211445117902e-01
   2.4192677729626000e-01   4.4925814857737800e-01
   5.0661973243503002e-02   7.9572707443272295e-01
   2.1084953664821901e-01   4.8053583811175499e-01
   1.6506101715767199e-01   7.7654208662503998e-02
   1.4565349239022901e-01   1.5675369983099000e-02
   9.4569459249464505e-01   2.2843316732682900e-01
   3.1398033118199098e-01   3.5821091921593301e-01
   7.9849842455136699e-01   7.4010940700806005e-01
   6.1448242128062702e-01   2.0391269783392699e-01
   8.8176607595047496e-01   4.0707690210467801e-01
   3.6119551588724802e-01   6.9217278270750104e-01
   2.9951956444659700e-01   3.3236236115868101e-01
   2.6204626819320098e-01   3.7274061721205398e-01
   4.9873177546787700e-01   2.1534183758558600e-01
   2.9919132588058800e-01   3.7689866825780399e-01
   2.8540319861949498e-01   7.5786738375678098e-01
   8.3396833136706996e-02   8.7843141046916895e-01
   5.3935541210652505e-01   4.6401870096333298e-01
   8.3574520758659498e-01   7.4668397499402095e-01
   8.3237735535504798e-01   3.6680194761384799e-01
   2.3692545146276001e-02   9.4378520475954597e-01
   6.0727703755114804e-01   7.1525320961703398e-01
   3.6005228790313898e-01   3.1540050309746798e-01
   1.6301858257511201e-01   1.5329396497873801e-01
   5.0530866644584305e-01   5.6531118734412200e-01
   3.8469704906119201e-01   3.2913512745678197e-01
   3.4284121546898599e-01   5.0945656309682001e-02
   8.7342295339344500e-01   1.8174422544786800e-01
   1.6360953014046001e-01   1.1434302507591899e-01
   4.1168284073810102e-01   6.4607451454829901e-01
   8.8287599392826002e-02   7.7565996731025799e-01
   3.3329432313464902e-01   7.2960683134661897e-01
   6.7350089745796704e-01   4.0439158570655798e-01
   1.0238595631479901e-01   8.4474394602655201e-01
   7.3298901047022502e-01   6.5191891400257895e-01
   2.3516067436254301e-01   2.1411140233339000e-02
   5.7468447480391305e-01   4.1104547528748198e-01
   1.9316838708357700e-01   5.2174347170836999e-01
   4.4468552547116702e-01   6.0188841974856200e-01
   4.7745680886273997e-02   4.2282228208082701e-01
   2.8620399317116302e-01   7.4493960865022302e-01
   2.9063739439697600e-01   2.7838361921034599e-01
   5.9733426692808000e-01   9.4834612963337706e-01
   2.6423810759391198e-01   7.4782666876963200e-01
   3.6251013390092401e-01   3.6449257670097002e-01
   7.5095842427612403e-01   6.8972202784730696e-01
   3.7839709613262701e-01   3.6208985555366302e-01
   5.4304070998117002e-02   1.2926774553676901e-01
   4.0589593810018898e-01   4.9785363405036798e-01
   4.9403047692513802e-01   7.6553367603992195e-01
   7.5864596393269101e-01   7.2161874820687200e-01
   2.7052130349617898e-01   9.0363675831816404e-01
   8.2845109996417998e-01   4.7423279840876598e-01
   5.1929799869612503e-01   4.6395988398260102e-01
   8.9873568656105005e-02   2.3395581440492999e-01
   2.8846181236287899e-01   3.4148971633715097e-01
   5.8647861050175898e-01   5.8377684858920897e-01
   4.6970930857898502e-01   5.4322423284186905e-01
   2.6383185097157202e-01   2.9477734792647298e-01
   2.4733226961972099e-01   2.8851279916282202e-01
   7.1099449538116199e-01   5.0423131841758295e-01
   6.6834943957440496e-01   7.0908507892396200e-01
   2.3939979425470501e-01   2.6628806143181899e-01
   6.3504768817725299e-01   5.6711734411668502e-01
   3.5740350975658403e-01   2.3680164841375700e-01
   5.2332650186753504e-01   8.3042171893987204e-01
   7.4500894209653301e-01   6.5898952959346702e-01
   4.3074422107775900e-01   5.3881224478649703e-01
   1.6641012807075001e-02   4.0202957756069002e-01
   1.2584806450484601e-01   5.0245271190604801e-01
   6.6142649809804399e-01   7.2475500355960598e-01
   4.7916813931090502e-01   8.8395077043876702e-01
   8.3263783514440604e-01   6.6780841665827595e-01
   1.0713779962715100e-01   5.4085696422688201e-01
   4.3992391981736001e-01   9.0706633508966605e-01
   5.4432944936204297e-01   5.8804917537762402e-01
   2.3956411318786300e-01   7.5008446384852601e-01
   7.6951521301441295e-01   6.8346904128644403e-01
   5.9362667717233697e-01   4.7987734280573802e-01
   9.0966018876131904e-01   2.4994606268243100e-01
   6.1661367477961004e-01   6.1527796010885705e-01
   5.4108130545166000e-02   2.1274948741733099e-01
   2.8988142030534297e-01   2.9260850571805602e-01
   1.5858406462875499e-01   7.9804972655327899e-01
   6.1567799745275498e-01   1.6627204154347600e-01
   8.6082103126797996e-02   6.1801612525491600e-01
   6.1529545025339405e-01   4.9586293243258200e-01
   4.8588154633437097e-01   5.7703754344391900e-01
   2.6615267803536802e-01   7.1498945224143995e-01
   4.9719394387911903e-01   2.9578955667944701e-01
   6.5081004896109396e-01   1.1256055500406099e-01
   7.4162251521863198e-01   7.3662978596067497e-01
   3.4765405391578003e-01   3.6817579755753999e-01
   2.7816688068038098e-01   7.1140690308564902e-01
   3.1059980471364501e-01   7.8423610285700895e-01
   6.0684407997568401e-01   3.5808928361378700e-01
   8.5970405986639198e-01   9.4738976209879899e-01
   7.1706093666363602e-01   7.2686189658643896e-01
   7.6085950582454298e-01   7.6754277857087705e-01
   7.7308576164181197e-01   6.9552321418890095e-01
   2.3460864139404200e-01   5.1652437018345398e-01
   8.0982532552540099e-01   5.4687019264719094e-01
   8.7480793892702102e-01   7.2651371845927804e-01
   7.6601095665893604e-01   6.7138501491352398e-01
   7.6984170834185595e-01   7.3981314000883602e-01
   1.0037054717156101e-01   9.8209735843369395e-01
   7.0563239372012598e-01   7.0718049894865498e-01
   2.9681001431120801e-01   7.5535391121143902e-01
   5.8423423659051299e-01   5.2251441963333101e-01
   7.3393344466694299e-01   7.8529051230615299e-01
   3.7124424638663200e-01   3.7812075546801999e-01
   7.2771897938211005e-01   2.6566360547078099e-01
   2.1617451045968400e-01   3.9657000000609499e-01
   4.4385858939567702e-01   1.8024518301234999e-02
   6.9486557497385604e-01   7.0698645442396602e-01
   6.8756003495829299e-01   3.2524886365970801e-01
   2.6706066620947699e-01   7.0398296860929499e-01
   2.8323775611861701e-01   7.3240535162518206e-01
   7.9096055429277101e-01   7.2470825109179804e-01
   6.9300997150250399e-01   6.7527998591498295e-01
   1.9303161276956299e-01   2.9614892274454002e-01
   5.6703733389315103e-01   5.0944559562972302e-01
   2.0718856677641700e-01   8.6973202573556296e-01
   7.6010498591105802e-01   3.3270174681393200e-01
   8.3711596257858101e-01   2.8958601526328598e-01
   3.4418095125656201e-01   3.3414305345942402e-01
   2.4057703995881799e-01   7.3471864274313103e-01
   7.1432420300779798e-01   3.9046697115152501e-01
   3.6571769470838800e-01   5.8252790472311700e-01
   3.0213467425403800e-01   2.9882144193887999e-01
   2.6959257985175700e-01   2.1359466619171499e-01
   9.0709770882796997e-02   3.1900096764798602e-01
   5.0352080833630297e-01   3.7131802075839399e-01
   4.4544805043929198e-01   8.6120219967347000e-01
   7.1613663412628403e-01   7.7267475729699098e-01
   4.0132258064979298e-01   1.8215685010610001e-02
   4.0692233966344499e-01   5.4204055131240803e-01
   5.4457183367903998e-02   8.8215400205990002e-02
   2.9692724157925099e-01   3.9062092560596601e-01
   5.4352278367356299e-01   5.4228061230353897e-01
   4.2185576877220199e-01   7.5167524742315805e-01
   7.6939862841075202e-01   7.2644295781430301e-01
   8.9678036316617998e-02   2.7613189823430401e-01
   3.9444303526857000e-01   9.0966279350180501e-01
   5.7133924487010201e-01   7.3466272800094701e-01
   2.2560141815421000e-01   6.2460554671545498e-01
   6.3247514228199597e-01   8.6361132191038203e-01
   8.7787960100901896e-01   5.1967645814928298e-01
   2.7979813216717903e-01   3.6220530472835699e-01
   1.4532412349057400e-01   6.4456402178255501e-01
   8.9812508240493000e-02   6.2115585039062997e-02
   6.1735955529994702e-01   4.7199740521533501e-01
   1.8358305841945002e-02   2.7534859260141398e-01
   2.9842812232382498e-01   7.4409798504771596e-01
   8.7054110343876501e-01   8.0763228643299001e-01
   7.3514590624405796e-01   6.7706216265605201e-01
   3.1241388955981603e-01   8.2532775321714802e-01
   7.0672423476271395e-01   7.2670097135467204e-01
   2.1725869093413300e-01   5.5442650812659000e-01
   5.0675111431519104e-01   5.2650937085946002e-02
   8.3836222010057804e-01   1.5693423472970899e-01
   7.4956801590993005e-01   6.4443864715582300e-01
   4.7954364650017400e-01   9.2013408169981903e-01
   5.5824904432342004e-01   8.5488455471422198e-01
   7.0243254213933704e-01   7.4669694228841299e-01
   8.1528958453808698e-01   9.4770117485011096e-01
   4.6511820650479901e-01   4.4174152398131900e-01
   3.5492574244811798e-01   3.4270074416342100e-01
   2.9466105921841901e-01   7.3383973970351102e-01
   1.6092338769614700e-01   2.7360592129638600e-01
   5.8387210932772904e-01   9.1578452951324596e-01
   1.8730951853234801e-01   9.0852885105776704e-01
   3.8847921753167902e-01   3.7774416167385200e-01
   9.1636801283063396e-01   5.3149259444925800e-01
   5.3867433288533395e-01   7.1101391693576899e-01
   7.7861380021185400e-01   7.1895671657514404e-01
   1.2670498239458300e-01   7.6531468821527804e-01
   9.4184046131892796e-01   8.6323118584308800e-01
   1.2610521091334201e-01   1.3129434183650199e-01
   2.8461676587585000e-01   5.8451242899958600e-01
   7.7165566234773497e-01   5.6803629885690002e-02
   6.9772836104372005e-01   6.8715019250289100e-01
   4.6592845090635598e-01   6.4140460293140800e-01
   3.0691210875866398e-01   6.2202006862743697e-01
   2.1848893855088100e-01   3.1095183455201802e-01
   2.5261381521608500e-01   7.3176995765115005e-01
   2.4434763556642700e-01   7.0042828950661296e-01
   3.5195938375502001e-01   3.5558147349392999e-01
   1.2882935438097601e-01   5.2306200334825997e-02
   7.4103910642004600e-01   7.5756676176625304e-01
   9.4561211165154702e-01   8.1726870045944799e-01
   2.8567661394474497e-01   4.2381882507096902e-01
   7.2293915531363495e-01   7.1700473593957703e-01
   5.4206544772286001e-02   7.5398360366514605e-01
   6.0330252043692001e-01   3.9413456273893999e-01
   7.1033491268902105e-01   7.3679837706478601e-01
   5.4485276818405003e-02   4.7140374756199099e-01
   5.1366550976090997e-02   3.7971255166689000e-01
   2.7130671097753600e-01   3.2410739307099001e-01
   7.3047560620336305e-01   7.6778772934668604e-01
   3.2461907704107601e-01   3.6559922939979700e-01
   4.2544678506761402e-01   2.5518904618427601e-01
   6.8550170151599199e-01   9.5012404577476695e-01
   5.4449061693650502e-01   6.1305536250399495e-01
   4.3870058558299602e-01   9.8233286281506604e-01
   3.5347869657254399e-01   2.9350278915932498e-01
   4.1616340607242203e-01   7.9247571031324704e-01
   9.4605328646325104e-01   6.8389400146864898e-01
   6.1465889641737000e-02   5.4990885724603100e-01
   3.1120434743146502e-01   6.7557300416137001e-02
   7.5905108907295105e-01   6.5795822042418795e-01
   5.7516019094176096e-01   6.9342470469082795e-01
   3.4515999799005997e-01   4.8600232100621199e-01
   9.1375907596634898e-01   8.3407445850833997e-02
   1.5079924986384899e-01   5.3219118426556300e-01
   2.7575060426656101e-01   9.0151733291440994e-02
   7.4549655298970496e-01   7.7064034381777802e-01
   6.1392723682743500e-01   6.7514052840260297e-01
   7.3282877538541302e-01   6.6508163143980004e-01
   4.9161522868384500e-01   6.2983280471071001e-01
   1.3702624751591699e-01   6.8435140083556700e-01
   9.3140727756190800e-01   9.8237487268511203e-01
   8.7383435878085203e-01   2.2645771381585800e-01
   4.2211688853347901e-01   4.8074308679649502e-01
   7.3592436197968203e-01   7.4583475467484694e-01
   3.4934783352817600e-01   4.3162506790992300e-01
   3.0101156701135401e-01   7.1336285091961604e-01
   7.6508511893451403e-01   2.4604302124392699e-01
   1.7284811754661200e-01   7.1444816230408204e-01
   7.9321889398051104e-01   9.1208778049545902e-01
   1.8264471811130001e-02   1.9144302655142600e-01
   3.1924839727295901e-01   4.0972043846779699e-01
   2.0109243086713000e-02   2.0348772800657000e-02
   3.6593814543511599e-01   3.0165783012753500e-01
   7.5409730797787100e-01   7.0034964440722403e-01
   8.7796520674595802e-01   9.1100457234894305e-01
   4.9851869629220302e-01   4.6395563911630300e-01
   8.1318706929106499e-01   6.0052155469823003e-02
   6.0325807990462499e-01   7.9785222742587802e-01
   6.7892968290832700e-01   6.1315460181843195e-01
   1.0113490333345100e-01   9.1360991718211104e-01
   4.2993561255993501e-01   3.5022560182589701e-01
   2.9099984252587002e-01   6.9549076338538096e-01
   2.7646058652049699e-01   4.9693854002528001e-02
   9.4540505248658901e-01   6.3989871745236104e-01
   2.7785345260910399e-01   3.4978857078281000e-01
   4.4901533689317003e-01   3.8726316171137698e-01
   3.3244405159757601e-01   9.4267542430759799e-01
   6.7397488293901897e-01   6.4979721861457895e-01
   9.8241017534180097e-01   5.2553629638696397e-01
   1.7714993734165199e-01   6.7352549506055404e-01
   9.4798261272495599e-01   5.9714336811867497e-01
   2.0101097927906200e-01   5.9381926442309096e-01
   2.2927774988129401e-01   9.8096145164844295e-01
   7.1628047740421397e-01   6.1844192415298604e-01
   2.3514508728375799e-01   1.9170792688984700e-01
   1.4362060094844201e-01   8.3877542021107299e-01
   7.2465217658206205e-01   6.7284875422937995e-01
   1.8275165931663000e-02   1.0717684552363600e-01
   9.8165592009714397e-01   2.0634261033959800e-01
   5.2663905684248402e-01   4.2293415963287800e-01
   3.9404038472706199e-01   4.0027434470267598e-01
   6.4462301477650696e-01   5.9979704478041596e-01
   9.4723873316093299e-01   3.6106499059244102e-01
   3.4409642339978402e-01   7.8941413676206396e-01
   7.2365869738135102e-01   7.0119961576627998e-01
   5.1302691071743201e-01   4.0039250780737401e-01
   7.5804040718833099e-01   6.8138131612529196e-01
   4.8462816339972697e-01   8.9186376663629996e-02
   3.3246505067266802e-01   6.8726422276581800e-01
   8.9667521181399101e-01   4.5159681395183399e-01
   2.5733438956242000e-01   6.9756045945633005e-01
   7.7685892772635301e-01   4.2200662525257199e-01
   8.1521409949666701e-01   8.7260451721357202e-01
   3.0922693666305701e-01   3.8484230310150602e-01
   6.6071068831115198e-01   4.4383342485110000e-01
   6.5224632904484803e-01   2.6298578879852502e-01
   3.8056596725912301e-01   7.6309840594199996e-01
   5.3308472222206704e-01   7.5103762925991202e-01
   9.4570347848135095e-01   9.4582421132137695e-01
   8.3988049403075404e-01   7.0610920868508398e-01
   6.9114730497035004e-01   2.4391897196758300e-01
   3.9996741330283803e-01   5.6680090035986397e-01
   9.0162473433732002e-02   1.9213315541971199e-01
   5.5534560740699701e-01   4.7607115896215102e-01
   6.6190393632294897e-01   6.9393143820433401e-01
   3.7423946635160299e-01   4.2067379645576503e-01
   7.7563357008040301e-01   8.7920800274519195e-01
   5.5669213822214703e-01   4.5243344368338401e-01
   7.0897864136619604e-01   6.8891772212206204e-01
   2.6584829306434798e-01   6.1770222664554397e-01
   1.2615187922006299e-01   1.7238400880241900e-01
   3.1902036583283200e-01   3.9283473996834001e-01
   1.9791089479904200e-01   7.9169316185292105e-01
   3.4735954037903899e-01   1.3135118182663000e-01
   8.3736155503167797e-01   5.1411155771602601e-01
   2.8073052484500699e-01   3.1497026626430202e-01
   2.5762539532894602e-01   3.2035616565820102e-01
   4.7933921399234802e-01   4.2245900568826200e-01
   6.6172588189068404e-01   7.4813720852757004e-01
   1.6757908315493200e-01   4.9227782611894100e-01
   6.8955332035024097e-01   7.1724004136802699e-01
   8.6826516775140505e-01   4.8179759370462100e-01
   7.9622047142519403e-01   5.0646933509218695e-01
   2.2917461649130100e-01   9.0566026670568400e-01
   3.3302315493880602e-01   2.7531945095513899e-01
   2.3679544150793500e-01   1.5027151450585099e-01
   4.0299389280997300e-01   6.8261348826047197e-01
   3.3128428082117101e-01   8.6652343865870496e-01
   2.9243744485404199e-01   2.6241295838144502e-01
   7.9095304333352301e-01   7.1050107320279199e-01
   3.4264253432571601e-01   2.5951833246258699e-01
   3.3956639257311000e-01   7.0974109741455904e-01
   5.6823239935519598e-01   6.2661055041921399e-01
   5.1768564184624000e-02   4.9849846712222000e-02
   2.7498769825236002e-01   7.5309726140879296e-01
   7.0783757837242500e-01   8.7379903505245404e-01
   5.4953433156948905e-01   4.9663073805366398e-01
   2.8932209495662098e-01   3.6915294954475097e-01
   8.5115888032822595e-01   6.1400963815592000e-02
   3.7788104626913199e-01   3.1232343551929698e-01
   5.2449574738073101e-01   5.7666706543438495e-01
   5.2495015983123805e-01   5.9941413505814700e-01
   2.8448458625750100e-01   3.2849699623551698e-01
   1.0204152317401100e-01   6.5461902854277199e-01
   3.8348552443223799e-01   1.1949937678501700e-01
   7.6323201985976002e-02   9.4823051036096595e-01
   3.9106469034802199e-01   2.3764719126666201e-01
   5.3365654429109899e-01   4.4443588188470201e-01
   7.0819129366194200e-01   6.5636442664381101e-01
   1.7210899149219999e-02   4.8892308913160698e-01
   7.3410770628550204e-01   6.3531997459020895e-01
   2.5608745593181198e-01   3.8549302727829399e-01
   6.8589825235715995e-01   6.8540445563077901e-01
   5.7320360043192298e-01   3.3761246434936498e-01
   7.3930797616401900e-01   6.8679788991952595e-01
   2.0848633609658501e-01   9.4421149025713003e-01
   9.1082325094777405e-01   4.8904392912907102e-01
   3.2288467802556098e-01   7.4298984331033402e-01
   3.4172939798915503e-01   7.5021508672323300e-01
   3.2225635688419002e-01   2.6316655261650002e-01
   4.9971424914923301e-01   1.7321431967722001e-01
   3.3016476432461200e-01   4.0021513052850699e-01
   3.1528521297565298e-01   6.7751420419621100e-01
   2.9955174531414303e-01   6.7441045455837800e-01
   7.1670928749923601e-01   6.8080879671685002e-01
   6.4168941394792900e-01   5.0798974587380002e-02
   9.8278028077866397e-01   1.1639035193797199e-01
   8.0197498676540202e-01   7.6381489504500999e-01
   3.1767119587366699e-01   7.2943368512282702e-01
   2.6333303880767700e-01   7.3571151952552905e-01
   9.0369989351549895e-01   9.4667822137868696e-01
   2.4903708672161601e-01   8.6631675675275699e-01
   3.6847451012536497e-01   2.8397946101029398e-01
   8.7373893657397295e-01   6.8312098292511902e-01
   2.0055019205847299e-01   7.4712239049186002e-01
   3.3042801557395302e-01   4.5326983294813600e-01
   4.4631569697342000e-01   5.7686521200031604e-01
   5.6094030734496003e-01   5.5392933624108698e-01
   7.5890321567125496e-01   7.4502475008491897e-01
   2.7160825099045699e-01   1.7111821005034800e-01
   9.8179924788737405e-01   7.5103819040505204e-01
   3.4960365365078899e-01   3.0737250641031399e-01
   7.5603057820414099e-01   4.5681118753525601e-01
   5.2440547308443597e-01   5.5407688465160898e-01
   3.1394064384030002e-01   6.9317409327306501e-01
   4.2698884681577598e-01   4.1371554906367303e-01
   6.3883174420130795e-01   6.3939561420819702e-01
   9.0912121967613702e-01   1.6258289806124401e-01
   8.7376871049896998e-01   2.7111632235857103e-01
   2.3687078514138199e-01   3.4058916062992500e-01
   1.9793193623736199e-01   3.6923966500179201e-01
   9.0941317924286202e-01   2.9427697404815700e-01
   6.8209113570022495e-01   3.6470256711009602e-01
   1.2513067139531101e-01   8.7761531250543601e-01
   4.6731263238084803e-01   5.6583378274498297e-01
   8.3497229918750204e-01   9.1202377627333697e-01
   4.2351952392896097e-01   5.8526821739402402e-01
   3.0170529238394600e-01   3.1103529715054101e-01
   2.8355811884966298e-01   2.4408080632222801e-01
   2.7953797553818199e-01   5.1528896595695495e-01
   4.0748383584086501e-01   4.3948305938061599e-01
   7.0248529979872398e-01   6.6786364240708795e-01
   3.0168570047884502e-01   6.8813257928345395e-01
   5.7532844897534596e-01   4.6518574681885400e-01
   7.6977775810978000e-01   6.4086653997874699e-01
   1.9869086207015699e-01   2.1386517482889400e-01
   7.1398785260257303e-01   7.4719948269830205e-01
   6.0672568436594199e-01   5.6315693599764205e-01
   4.2659790672079001e-01   3.1644630961640002e-01
   9.4557089526564697e-01   2.7272233984683297e-01
   1.6592741936934299e-01   9.4605478839402102e-01
   7.0558930802026898e-01   6.7881202653585604e-01
   2.9051938867972099e-01   7.0744475834598597e-01
   1.9055838424738000e-02   6.5419368431814595e-01
   6.7939910514418300e-01   6.6940456416433503e-01
   7.7680246653304696e-01   7.0677748613907498e-01
   5.6165790911632596e-01   5.3035265745994198e-01
   7.3010383828596803e-01   7.5507263848477202e-01
   2.8597358654818700e-01   3.8168900402831202e-01
   6.1136050390745800e-01   3.1918491543447097e-01
   2.6220746190123001e-01   3.3436670940716801e-01
   2.6813593273558400e-01   8.2677899043568204e-01
   6.0907411468645999e-02   6.7318165521261497e-01
   6.9675285639224005e-01   7.2524137111202702e-01
   9.8255492461006899e-01   5.7244429569117705e-01
   7.4689069312194201e-01   6.7993266059004398e-01
   7.2939623164090694e-01   5.4218161167456001e-02
   6.2460760261913795e-01   9.0699488966151798e-01
   3.2383294169041199e-01   4.2785085338119999e-01
   2.5655199496315401e-01   4.8362268617151499e-01
   3.0177324107358000e-01   7.0096150134190305e-01
   9.4927147593533001e-01   5.5122023053524005e-01
   2.8440191283946897e-01   6.6862629459159595e-01
   5.0168137374245703e-01   4.2216885516618402e-01
   2.6503137786487202e-01   3.4758505670383499e-01
   4.1822607427473402e-01   6.1300332369628296e-01
   2.5796424918251298e-01   4.0205284091959798e-01
   3.4067777244982800e-01   2.0806572248801999e-01
   7.9444865945260601e-01   3.5194528663789298e-01
   7.4518480572797896e-01   9.0526081044777096e-01
   7.8060867136758105e-01   7.3344694429800905e-01
   5.4325176325438596e-01   6.4104327926154003e-01
   7.9007325845785004e-01   4.6667848698332798e-01
   6.6284204370262401e-01   1.7463036941282001e-02
   8.4423875163883999e-02   5.0931573733695201e-01
   2.0274035351094200e-01   9.2005848940205998e-02
   3.0907367621944198e-01   3.2133105717543697e-01
   3.0359783472316398e-01   2.8564431501513099e-01
   2.3897100074260999e-01   4.1474643266408301e-01
   2.9129350262673898e-01   7.2107189300258001e-01
   2.8899657518115701e-01   6.8264269585674797e-01
   9.5060053556262902e-01   4.0598815254500598e-01
   3.4181991000052198e-01   3.4736211341352802e-01
   3.0735196734646397e-01   2.5101227821309802e-01
   3.5156846980181000e-01   2.7625738821659301e-01
   3.1228403465250998e-01   7.0695777291878403e-01
   6.8874277279874496e-01   1.2307551435265800e-01
   3.7350936840042598e-01   8.6855745352680902e-01
   1.6725428981300500e-01   3.4828054942629599e-01
   5.7918828680490198e-01   1.4297360746724599e-01
   3.9092156054699401e-01   5.2045823362823895e-01
   3.0819742888309498e-01   7.3710798728521898e-01
   8.8747145072893996e-02   3.6017108393213898e-01
   7.9353010472820495e-01   8.0269204216404699e-01
   4.4310390737724398e-01   6.6810022304090899e-01
   1.7635531173507399e-01   5.6232307555619498e-01
   8.8508361212839504e-01   5.5917362056063202e-01
   3.2173856939287498e-01   3.7875880235203202e-01
   5.7200658538250104e-01   4.8873041871049100e-01
   5.9035987658498701e-01   5.0217752563537499e-01
   2.9013251814735103e-01   3.0612091981094403e-01
   9.0874393957254096e-01   8.3322275201263696e-01
   5.6190313467085595e-01   8.1348884962420001e-02
   5.4309920730731498e-01   5.6549658412578296e-01
   8.9194142460447901e-01   5.3961715595791999e-02
   6.7288132644223198e-01   6.8260368716676001e-01
   1.7035529723313000e-02   8.5907241007339197e-01
   4.3996005698291102e-01   4.3830232317371498e-01
   7.9403468270911004e-01   9.8160480195301802e-01
   7.8537775660962295e-01   8.4070274406363299e-01
   6.6191728759462498e-01   9.8243569394889596e-01
   1.8273854384176998e-02   1.4938950642202500e-01
   7.0722535186762403e-01   1.7557122838136999e-02
   3.9781805759373601e-01   3.1354037351834102e-01
   6.0206657853116596e-01   4.2671505541855798e-01
   7.2335884303721598e-01   3.5079927571868602e-01
   7.3615241919639895e-01   7.0330439285197599e-01
   1.8255518629708999e-02   2.3343513616733000e-01
   6.9124613708707305e-01   5.4022345136270400e-01
   5.3567115667935095e-01   2.3692200367519201e-01
   1.9896226441766299e-01   3.3235197412574802e-01
   2.8444560801755098e-01   7.9059737588819101e-01
   1.9300996259879699e-01   1.5747053214159000e-02
   4.6424916395667798e-01   1.2132089380810600e-01
   4.7642517239088600e-01   4.6286429274713398e-01
   8.2796694346679994e-02   8.1369805130768402e-01
   9.4551856237328702e-01   3.1704355061341200e-01
   2.3904982333574401e-01   7.9501776685643000e-01
   4.1742382997200500e-01   9.4425688105460404e-01
   3.3462676635881700e-01   3.7313955414963901e-01
   1.8453111424490000e-02   9.8106755553251701e-01
   4.6190709069794600e-01   1.5687129267639399e-01
   2.5475344387499399e-01   7.1026826530532905e-01
   4.2592009610265802e-01   5.6111845128426396e-01
   9.4628515101065402e-01   7.2819311175842805e-01
   9.1494597273938205e-01   5.7796917389321201e-01
   2.0081121973907601e-01   2.5614603717876899e-01
   5.3675571937113198e-01   1.9728716454618800e-01
   3.8398871102548299e-01   6.2002443866811896e-01
   7.1578622995731400e-01   7.0841186771653197e-01
   5.1301799161889206e-01   6.5138451826732902e-01
   2.9269085836368702e-01   4.0648273761694298e-01
   6.3838734579057099e-01   9.4844564774738105e-01
   7.8098145939179697e-01   6.7251802839911501e-01
   6.8967959664839795e-01   2.8454901267077298e-01
   2.6076412121239201e-01   6.8271651889703500e-01
   2.4888175447051800e-01   3.3152213376403999e-01
   3.2409300244490902e-01   7.1667944898462499e-01
   8.3924101574950605e-01   9.8232713306169395e-01
   6.3471428242538297e-01   4.1507841859541900e-01
   6.7954714850502196e-01   7.5021668465748503e-01
   2.4188285636084300e-01   7.1207754921525102e-01
   1.2581606224808500e-01   9.0824358656484000e-02
   8.4358357177601195e-01   4.0201141056445000e-01
   5.1793263349847796e-01   9.1144287932592805e-01
   4.6627724294698802e-01   4.8185887747206502e-01
   4.8353225480286099e-01   8.4428902222675095e-01
   5.0010824893337902e-01   7.2540658666751201e-01
   2.0544120141919200e-01   5.3032299805499998e-02
   2.7447040505852999e-01   7.4058274963393800e-01
   7.8245019604405497e-01   7.4924018278507598e-01
   8.7231387914677905e-01   7.6766581382818200e-01
   5.8929351825561305e-01   6.0901617129662100e-01
   3.9663857372486999e-01   5.9253401993649502e-01
   5.3859294645743105e-01   1.5777606617265999e-01
   6.5086888773296203e-01   3.0203047807735200e-01
   9.0911585436878894e-01   1.9433201211384001e-02
   1.7670342972573400e-01   4.5285640094369101e-01
   5.1127028758458304e-01   4.4357968599852399e-01
   4.0338428855219699e-01   3.3632699991565002e-01
   5.7762103973893797e-01   5.4199325997533199e-01
   4.5673373436702203e-01   2.8125329323094300e-01
   2.2456954308467600e-01   8.3118693212185202e-01
   2.7077705003841801e-01   9.8065549074351999e-01
   1.8327994329987999e-02   5.3247596703834299e-01
   6.3892085286807995e-02   1.7269580724515999e-02
   2.9054014580258603e-01   8.6408726998074503e-01
   7.1997294456965499e-01   6.9095606806725596e-01
   3.4754786998815601e-01   1.7076668213878199e-01
   7.0753810436388098e-01   9.8243400591762498e-01
   9.8293849332279304e-01   3.8543379536244399e-01
   6.9022733028099503e-01   6.9691314061909604e-01
   5.2609202073434902e-01   5.0357502954907296e-01
   2.6582738965140701e-01   6.6780053904124703e-01
   6.6921006919502601e-01   5.7301711166508495e-01
   7.9827675876769300e-01   6.7962799306222299e-01
   8.3791181339634602e-01   2.4668855789147301e-01
   5.6359467284677700e-01   5.7569889219166204e-01
   6.5324972187508501e-01   2.2433308257064699e-01
   9.0933027813180001e-01   7.9149233114647299e-01
   4.3169715001303899e-01   5.0017756751978604e-01
   3.3772444424024900e-01   4.1399783796213102e-01
   6.8716317213033895e-01   7.2981099222571999e-01
   3.7399580944758298e-01   9.4458150151939602e-01
   6.9773592450173005e-01   7.7434936010412203e-01
   9.7382422811890995e-02   6.9597330484801900e-01
   9.8160467032733500e-01   2.5076633384358099e-01
   2.4076786639903100e-01   6.6609936382352006e-02
   5.7444815390529202e-01   2.5886286722118401e-01
   3.2575287540403902e-01   5.8567109164821096e-01
   7.4270262037490697e-01   6.7024769540079498e-01
   1.7708105757728999e-02   3.5888055855533602e-01
   1.3530380481366300e-01   5.7152381401764196e-01
   8.5442676159366104e-01   8.7682145915979604e-01
   1.5572833934239200e-01   3.8110222131367699e-01
   3.2898751464669701e-01   3.5302768821178299e-01
   4.6179642411773503e-01   1.9614238231386899e-01
   3.0221572219318898e-01   5.5003302447597802e-01
   6.8290016176747204e-01   7.0777641282335502e-01
   7.5813633592369500e-01   3.7918095566922400e-01
   5.6338530997837799e-01   8.1495530664787497e-01
   9.8178845407181503e-01   7.0643258854738900e-01
   3.2117724830615302e-01   5.1554582223007706e-01
   5.5053320377851800e-01   9.4231950575682499e-01
   2.7926118409376899e-01   7.0050139323106497e-01
   6.6716913355990304e-01   8.8382204756503102e-01
   1.7181439137693998e-02   6.4502071082568002e-02
   1.6634219924339400e-01   8.7303913437754399e-01
   3.0533286813719401e-01   2.2463950715535200e-01
   1.6261633884744400e-01   1.9350642394007000e-01
   2.3275608953065299e-01   6.8806321332677900e-01
   3.4459203994886900e-01   3.8214417770405701e-01
   1.8334536928754100e-01   4.0809929516026500e-01
   7.1231041714622700e-01   6.9853336357722196e-01
   6.4721324799508895e-01   3.4080242523470500e-01
   2.2109503983138301e-01   6.6526499325635002e-01
   8.3353082406078999e-02   4.0163345954056201e-01
   3.6899777809851297e-01   3.3808283215686402e-01
   3.8044597328065299e-01   8.0412713362780097e-01
   2.5172316419043200e-01   6.5241120913852801e-01
   8.3534187380212499e-01   1.0628673145806400e-01
   5.3770464374321003e-01   3.5080055579846597e-01
   5.4071592780832997e-02   2.5468819482766603e-01
   7.7454931399823002e-01   6.5885036158824895e-01
   3.8494031143289398e-01   2.9530081046753098e-01
   9.8261858475916994e-02   4.7266650613063699e-01
   2.1404249302821701e-01   7.2059795965734896e-01
   9.8344222305676698e-01   9.3293372483525605e-01
   7.6808381118094304e-01   7.5395633131811701e-01
   5.4690387726879397e-01   1.1949524352310900e-01
   5.7417852255531997e-02   9.1665444522104300e-01
   3.9610869377678798e-01   9.8107664820032503e-01
   4.4855493300023402e-01   5.5516099254036000e-01
   1.4403586379766201e-01   9.8189334516408899e-01
   5.5253507611508601e-01   4.2942040216235799e-01
   2.9286657382527898e-01   7.7115426155653599e-01
   3.1520919918353502e-01   2.0567282978671001e-02
   5.4519151391303100e-01   5.1779187113999503e-01
   1.6313417910308201e-01   2.3439663146900799e-01
   1.1271859366289499e-01   4.3039182533277798e-01
   3.1481231610301302e-01   2.9454653509753598e-01
   5.0514201799541403e-01   5.8717471342202099e-01
   5.4066724264469701e-01   6.7270142825292401e-01
   3.0109985744001799e-01   3.6332156508263003e-01
   9.4702225441284704e-01   1.7289004222290998e-02
   7.4932160917447899e-01   9.1629164767029994e-02
   3.5395736430052599e-01   8.9349586289113006e-02
   9.8119718075437201e-01   6.9209827599615997e-02
   5.7438757331598900e-01   1.8178162581796001e-02
   3.1208673373965801e-01   9.8062661490556202e-01
   7.4624120330203703e-01   7.0778971219026998e-01
   4.6134862349891698e-01   7.3870470827735402e-01
   3.1386948427140998e-01   1.0763781607317199e-01
   9.4905293423499404e-01   9.7704230328221994e-02
   2.4028345401110399e-01   3.1955013302743801e-01
   5.5260703320204296e-01   8.9533738961609999e-01
   9.7820351528348404e-01   9.7881656573964004e-01
   7.0343227480513404e-01   9.1229532427702298e-01
   5.7656023475459695e-01   4.3911902327475399e-01
   4.6400353136383199e-01   3.2198305470616301e-01
   4.9650990960618502e-01   2.5679356885519899e-01
   8.3404310648425495e-01   7.8984111868912499e-01
   3.2470354438125998e-01   7.0225309583495099e-01
   2.6772720372357800e-01   3.1010197667674499e-01
   4.0085902458784600e-01   4.6859275023839903e-01
   3.0667506978426901e-01   1.8775577042854999e-01
   4.4129075464439899e-01   6.3048758218315704e-01
   7.0148071676662105e-01   6.9744981402832495e-01
   6.0551571396957005e-01   7.5755570143584094e-01
   3.1161480241911599e-01   7.1875807585577800e-01
   8.4906509819797704e-01   5.5456043276699096e-01
   3.0172147525552101e-01   3.4900544722227000e-01
   3.8637156130803002e-01   1.5728299304422999e-01
   5.2787681831584998e-01   7.9099276044416200e-01
   9.0070756126956003e-02   1.0700405517419199e-01
   2.7477097109122700e-01   1.5823690303035001e-02
   1.5903311000367101e-01   3.1382379978676200e-01
   2.5014661973349100e-01   9.4270494850950703e-01
   7.8186780437095604e-01   6.8601467493844004e-01
   1.1960684745216800e-01   3.8739197189107499e-01
   8.2902850839099296e-01   8.3228456420535302e-01
   4.8313431926499101e-01   6.6295715959882995e-01
   1.2255362159371100e-01   6.1193527650535995e-01
   4.5343894369036097e-01   4.6106049988131398e-01
   7.2865328215998004e-01   9.4523993691673702e-01
   1.2011842150505400e-01   8.0533419760475400e-01
   9.8241995906072699e-01   2.3877055597460999e-02
   6.5443202846925497e-01   1.8634818482602700e-01
   4.4432893749677399e-01   4.8062823223165502e-01
   7.8761708121001595e-01   6.9724436582028604e-01
   3.3177069493218297e-01   3.3893858632459101e-01
   7.0683962992685800e-01   5.7831693998104505e-01
   3.5785946656219503e-01   3.9092420623890101e-01
   9.4576643994885701e-01   1.8436912035593600e-01
   3.1134068198718101e-01   9.0391385290003501e-01
   9.8217528147149702e-01   6.1799317076602001e-01
   4.8752394819400002e-01   8.0545669438161305e-01
   3.8135791737279301e-01   5.4652146196940997e-02
   9.8161699605235198e-01   6.6207705515397797e-01
   7.6731683209876600e-01   1.2436095198285201e-01
   3.1986918879616599e-01   3.3024453190736602e-01
   1.2199175828267800e-01   9.4730477859556605e-01
   4.7311202291930997e-02   8.7962254097487202e-01
   8.0213000148700198e-01   2.2449711455033700e-01
   4.4174327634070298e-01   5.1820368547568596e-01
   3.6648820594970499e-01   3.5139175958796698e-01
   5.9318071481404799e-01   8.7771106169161905e-01
   8.7496233222525399e-01   9.5342627351583997e-02
   4.3234566729363300e-01   7.0946484617275096e-01
   5.7487546453122695e-01   2.2016474397256999e-01
   1.6476352934372601e-01   7.5721497144269601e-01
   3.2295218467562897e-01   3.1695555982440599e-01
   2.5299758787582399e-01   3.0639120261384500e-01
   3.1344898453462700e-01   3.0772722240395300e-01
   5.0653270296624797e-01   9.4970863818909801e-01
   3.1155505415302698e-01   3.7133744163163901e-01
   2.7448174350655902e-01   6.7971462628526402e-01
   5.2290198272277699e-01   8.9164912647986996e-02
   7.6328922669795896e-01   2.8903422169537601e-01
   2.6336544428383701e-01   7.8092816638051399e-01
   7.9584583007904797e-01   6.1721280207685003e-01
   7.4970303179963105e-01   1.8745828491240998e-02
   4.9958399277006399e-01   5.0482325600348499e-01
   9.8055248962143704e-01   8.4029493530313504e-01
   6.7531238446570296e-01   7.3514290006203298e-01
   2.7500357905640199e-01   3.3734701756739699e-01
   8.3576928742694701e-01   3.3035047435559001e-01
   7.5352212874462399e-01   7.5642382907414296e-01
   3.5616329839011901e-01   4.0888006223889101e-01
   3.7928395871534798e-01   4.9141267908276298e-01
   8.0087550307465805e-01   2.6775813399512499e-01
   4.6129780716154600e-01   2.3736512390391801e-01
   1.4500316641187799e-01   9.1158115467498602e-01
   7.7033726265704106e-01   9.4407345334649795e-01
   4.1276981942968399e-01   3.7741064349547698e-01
   3.0732087516913897e-01   7.6454478792068103e-01
   3.5293701030907998e-01   9.0534586698162001e-01
   3.5471490074856599e-01   8.3233724371877005e-01
   7.3131593352101298e-01   7.3620339331044404e-01
   5.4354677479812000e-02   6.3529349220030995e-01
   6.9347664923205699e-01   1.6280230759584099e-01
   8.7331081803091704e-01   3.1612125008935998e-01
   3.0693336157569501e-01   4.0047926311674098e-01
   5.9502624343728305e-01   5.5134238086594997e-02
   2.9358275229903602e-01   3.1986315499613899e-01
   6.6288028166882695e-01   9.1958212538117301e-01
   1.2448660740016800e-01   2.9778883283151703e-01
   9.1040623960954303e-01   7.0521031920696597e-01
   5.9903874903125498e-01   6.4064675230905999e-01
   4.0467572689500197e-01   8.3631421538670103e-01
   7.7595687657348006e-02   4.4162180423174402e-01
   7.6032055063339399e-01   7.3252660527297797e-01
   5.0149100026675797e-01   3.3522785619128498e-01
   7.9427202399690700e-01   9.4572714022364002e-02
   5.0472640086526299e-01   6.0950072081242401e-01
   2.0101120742212000e-02   6.9321952196849401e-01
   9.4344495727209599e-01   4.5712753383243998e-01
   4.5155058583639202e-01   5.3543279845386405e-01
   6.4158428525813904e-01   3.7879927745818698e-01
   2.6465992054350002e-01   7.6250747880540504e-01
   7.5396204161229596e-01   4.9919760561847498e-01
   8.0635918828329001e-01   6.9812325089262195e-01
   7.6479018486304096e-01   7.0363201610552795e-01
   7.4388784810126596e-01   8.5878533639013199e-01
   3.2567212980117699e-01   3.0384821000929002e-01
   7.5373914849832202e-01   6.7014838618459105e-01
   4.2294928117863301e-01   5.3249221113770000e-02
   5.8275623848632996e-01   5.6182907122439096e-01
   3.1049173108693201e-01   7.5018518223103203e-01
   6.8769303038827401e-01   5.1130789205347998e-02
   2.5473158711538502e-01   3.5944109609419800e-01
   1.8740946873862002e-02   7.3338877215115605e-01
   6.3931417884900099e-01   7.3595020876646200e-01
   5.0456292495106603e-01   5.4174354764914900e-01
   6.1701392359236396e-01   9.8298710175693904e-01
   6.3662725942782705e-01   5.1243388922066302e-01
   9.0912374826314202e-01   3.3841688357452698e-01
   9.4622030261680601e-01   7.7273938600452297e-01
   9.0958890863016395e-01   2.0587538320793100e-01
   5.7593825878939398e-01   1.8151366091418600e-01
   8.7251249639900097e-01   3.6208880927075698e-01
   2.3238927561969600e-01   7.2275998965267196e-01
   3.7748702101315001e-01   5.4850585808646701e-01
   5.7076320705497001e-02   9.8047852617526499e-01
   6.5537862149913195e-01   6.7238374347307195e-01
   6.9813496025467203e-01   6.4086659464235995e-01
   2.7480599361199298e-01   4.0692886812161300e-01
   3.8298883879661300e-01   3.4589197022849699e-01
   2.2530659663595701e-01   7.3935495253485395e-01
   3.0631988379186398e-01   2.7075082422499702e-01
   7.6603945340346002e-01   1.6197945120919999e-01
   5.9874397567839899e-01   8.3793473214420899e-01
   7.0014198686028595e-01   4.3300667432729900e-01
   6.1256486109464203e-01   5.8782302301144795e-01
   9.1926096621374798e-01   4.2269877530224498e-01
   9.3379463656515005e-02   7.3614815512592202e-01
   2.7529601572764301e-01   3.7419413216975900e-01
   3.3228062241957401e-01   6.6010680913966502e-01
   7.5090159429944303e-01   9.8139828852078503e-01
   8.7145307095241398e-01   1.3675959571067101e-01
   1.8195327563551002e-02   4.4706539234454101e-01
   1.9953073582514599e-01   1.7248353035842501e-01
   3.0370508808256502e-01   6.5753661660447604e-01
   7.2473313980939702e-01   7.4571374272939395e-01
   4.0150742669314399e-01   8.8765167934014996e-02
   7.4488649805502505e-01   5.7792799463051803e-01
   2.5964007157709601e-01   5.5012608381095496e-01
   7.2750453675844995e-01   6.8361538282321899e-01
   5.3497300361894096e-01   3.8145364546551203e-01
   1.9794762354751999e-02   5.7137655971424095e-01
   7.2903755694041406e-01   2.2321978996621800e-01
   9.1048607543363003e-01   7.4897548349652399e-01
   2.2891423579677200e-01   7.0596121274462897e-01
   3.7286919794461698e-01   4.5847220858483700e-01
   2.2308251531527401e-01   2.8520352490432599e-01
   6.8326199473510096e-01   4.7291608066909002e-01
   1.8745477362170901e-01   6.3555718056217303e-01
   9.8112294030464797e-01   4.3335643112066302e-01
   1.8563023889055001e-02   8.1817504503339000e-01
   5.4225795391366002e-02   1.7095030363211799e-01
   8.0072861040427001e-01   3.9222746582688900e-01
   7.5893404995283698e-01   7.8676352671953398e-01
   5.7257476744836200e-01   6.5831216447781005e-01
   7.1390041831944595e-01   6.6968595493565297e-01
   6.7762890113724195e-01   6.9658432531224501e-01
   4.8614089766828300e-01   1.8039521878889998e-02
   2.7082984699534202e-01   3.8827711343125698e-01
   5.0779163906284897e-01   6.8680633687938097e-01
   9.0093245628228000e-02   1.4993180843699599e-01
   1.8504967025813002e-02   6.1277902658014305e-01
   3.4647433405722999e-01   3.2082519327629400e-01
   6.7749820520955095e-01   7.2047042798723104e-01
   8.6901356599168700e-01   8.4404107487363300e-01
   6.2411925100448196e-01   5.3998831820793802e-01
   6.4565226331221504e-01   4.7998970539982000e-01
   7.1033588093166200e-01   8.3206630601042897e-01
   8.3004807330809205e-01   2.0379119763850002e-02
   5.9757596476112396e-01   4.5434124886951999e-01
   4.7703620660883300e-01   5.0250374573633805e-01
   3.4711259115437698e-01   6.2010257161444404e-01
   9.1042181709733305e-01   1.2194539542696800e-01
   2.7635921036027600e-01   2.8538479827312302e-01
   5.2123676170026301e-01   6.2513750607476204e-01
   7.2566796620079399e-01   3.0802573660987198e-01
   2.7619572858290198e-01   2.6777985994030901e-01
   8.6866792406160598e-01   1.9565296035717002e-02
   4.1211977474594502e-01   2.8955502966858199e-01
   7.9641760733341604e-01   6.5489194332194600e-01
   3.2428183719609099e-01   7.6212584305587405e-01
   7.7849737600639202e-01   7.6958283705881803e-01
   9.4684994025890801e-01   1.4090807629596699e-01
   4.6445697165912703e-01   5.4053213978074000e-02
   2.1042456928947201e-01   6.9525442057398201e-01
   3.6001373204003800e-01   5.1918938613522003e-01
   3.0361084852776998e-01   4.4070873797274202e-01
   3.1928398521448498e-01   3.4537076824491802e-01
   2.9015094535818597e-01   3.5528512753205099e-01
   1.7076173413730002e-02   9.0377678964218999e-01
   8.2662259124135296e-01   5.8736402724773495e-01
   4.6979525978510600e-01   6.9748459401217400e-01
   5.3550122741323003e-01   2.7555598443660201e-01
   3.2882584040602197e-01   2.4175003405033901e-01
   9.8155963830689996e-01   2.9517908221859401e-01
   8.9911985399546002e-01   8.7329329245815002e-01
   9.0973319026992905e-01   6.6170059602190601e-01
   6.7666672093427305e-01   7.6904448521512303e-01
   7.1018356846665598e-01   9.0840848842690003e-02
   3.2764936257837401e-01   2.9051401555952200e-01
   4.8810489965611698e-01   4.8312887855931502e-01
   3.3835896541079002e-01   3.6033595400686103e-01
   6.5454047095421197e-01   1.4934849635194700e-01
   7.1130364055017703e-01   7.1753125445154697e-01
   1.4830844381808700e-01   4.2184178551092599e-01
   2.6881887311916802e-01   6.9239229595439200e-01
   2.4183921110310599e-01   5.8623518419512399e-01
   6.1772419503416998e-01   1.8334667692869001e-02
   7.4364045998673101e-01   6.9647859735707995e-01
   8.1597519391965700e-01   4.3323511318669100e-01
   5.3827832191859000e-02   3.3813698331615000e-01
   2.7682914209078802e-01   4.4923377531207898e-01
   4.8547285737854901e-01   6.0055795980292304e-01
   3.0315082698770202e-01   7.2603334130770703e-01
   3.4253568869878298e-01   5.5090877319775300e-01
   1.0343762712810600e-01   1.9894670259815998e-02
   7.3691631883604503e-01   7.1676277559375101e-01
   3.6975970105844502e-01   3.2468401971184702e-01
   7.0099676129260002e-01   7.1622013069331503e-01
   5.6737412974680701e-01   7.7519209502065001e-01
   5.4562310060763002e-02   5.9169114282207702e-01
   3.3199277982053599e-01   3.8654796497695398e-01
   9.4108214287634895e-01   5.4160390719408001e-02
   8.8499035946304505e-01   9.8221497789297196e-01
   3.7232600576224700e-01   6.5478016103915104e-01
   5.3647439401348396e-01   3.1359749142255100e-01
   4.4133803334029797e-01   9.0015964021149003e-02
   7.9874055817675704e-01   3.1042507034565298e-01
   9.5405960458336603e-01   9.0481268256166403e-01
   1.2538338054087800e-01   2.5516696923082299e-01
   7.8427043175197797e-01   5.7984935528669002e-01
   6.7768338456080002e-01   8.0234595307821499e-01
   2.7782023032127401e-01   3.0055734007072998e-01
   2.8356707455498198e-01   3.9469167225542101e-01
   7.1796598293043801e-01   6.4443605365276602e-01
   5.6529210465881397e-01   5.9918413225299805e-01
   6.4554568496681497e-01   7.0531746261966199e-01
   9.8192205986168402e-01   3.3971059580729501e-01
   5.3263971631293106e-01   4.8293815458331102e-01
   1.8416157763681601e-01   8.3284405009479101e-01
   2.9122020522858599e-01   9.4223231284477005e-01
   1.3776925073122001e-01   4.6296225972462102e-01
   2.3874483629920201e-01   3.5703230045144102e-01
   6.0837703458347903e-01   5.1915513769768296e-01
   5.6960035455994296e-01   3.7741351133305501e-01
   3.5670260148352700e-01   3.2950029105705703e-01
   2.3407283730990899e-01   2.3255167839620400e-01
   3.3857017410474899e-01   3.0009645710754101e-01
   7.5421323867859802e-01   6.1615477788873596e-01
   3.8304049472604601e-01   1.9800815318903400e-01
   7.0694079184769398e-01   7.5938095804563799e-01
   3.1791047015099799e-01   2.8023721609107299e-01
   6.1368961292869895e-01   2.4196817984898700e-01
   0.0000000000000000e+00   7.5368811234901001e-01
   0.0000000000000000e+00   7.9702341739652804e-01
   1.6573885687880799e-01   1.0000000000000000e+00
   2.0842837273626699e-01   1.0000000000000000e+00
   5.5125615313602605e-01   1.0000000000000000e+00
   5.9380535883935004e-01   1.0000000000000000e+00
   1.0000000000000000e+00   1.8419949187618401e-01
   1.0000000000000000e+00   1.3942514006831500e-01
   4.6120019911764898e-01   1.0000000000000000e+00
   5.0696576350775202e-01   1.0000000000000000e+00
   1.0000000000000000e+00   7.7343910080146705e-01
   1.0000000000000000e+00   8.1854462357577396e-01
   5.0728226338974902e-01   0.0000000000000000e+00
   5.5232956547546297e-01   0.0000000000000000e+00
   3.3266131538480398e-01   1.0000000000000000e+00
   3.7489249504445898e-01   1.0000000000000000e+00
   1.0000000000000000e+00   5.0169397303832897e-01
   1.0000000000000000e+00   4.5576529889573802e-01
   3.3562240034357599e-01   0.0000000000000000e+00
   3.8063955594872301e-01   0.0000000000000000e+00
   1.0000000000000000e+00   8.6082933158318597e-01
   1.0000000000000000e+00   9.0796854037689800e-01
   0.0000000000000000e+00   3.3770005528740399e-01
   0.0000000000000000e+00   2.9613227756695698e-01
   7.7065086778335401e-01   0.0000000000000000e+00
   8.1071264699843604e-01   0.0000000000000000e+00
   1.2276802091556099e-01   0.0000000000000000e+00
   1.6935550946994901e-01   0.0000000000000000e+00
   0.0000000000000000e+00   9.5946493364808405e-01
   0.0000000000000000e+00   9.2715205046880300e-01
   2.1658192212454000e-01   0.0000000000000000e+00
   2.5233964003617698e-01   0.0000000000000000e+00
   0.0000000000000000e+00   3.8003033415760701e-01
   0.0000000000000000e+00   4.2514863581620699e-01
   7.8023763680120997e-02   1.0000000000000000e+00
   1.2228732687502900e-01   1.0000000000000000e+00
   4.2250914907448300e-01   0.0000000000000000e+00
   4.6500614206660901e-01   0.0000000000000000e+00
   0.0000000000000000e+00   2.5443675966702001e-01
   4.1686503571921202e-01   1.0000000000000000e+00
   9.0813782891306505e-01   1.0000000000000000e+00
   9.5628086518814004e-01   1.0000000000000000e+00
   0.0000000000000000e+00   2.1243518812678200e-01
   0.0000000000000000e+00   1.7041219044846001e-01
   0.0000000000000000e+00   0.0000000000000000e+00
   4.0677838505836998e-02   0.0000000000000000e+00
   0.0000000000000000e+00   4.1189049904565997e-02
   1.0000000000000000e+00   5.4893624048115897e-01
   2.5016889288859301e-01   1.0000000000000000e+00
   0.0000000000000000e+00   1.2828260818375101e-01
   0.0000000000000000e+00   8.6293823200110004e-02
   1.0000000000000000e+00   2.2857566444260299e-01
   0.0000000000000000e+00   5.1115529964983497e-01
   0.0000000000000000e+00   4.6757789083953999e-01
   1.0000000000000000e+00   9.2195737842635003e-02
   1.0000000000000000e+00   7.2873098389023205e-01
   0.0000000000000000e+00   6.7423100030539995e-01
   0.0000000000000000e+00   6.3373616040436298e-01
   1.0000000000000000e+00   5.9536571748713396e-01
   6.3993733182404100e-01   0.0000000000000000e+00
   6.8507081650471802e-01   0.0000000000000000e+00
   0.0000000000000000e+00   8.3795893432162005e-01
   0.0000000000000000e+00   8.8144010645373605e-01
   7.7237957124593803e-01   1.0000000000000000e+00
   8.1634969175648997e-01   1.0000000000000000e+00
   6.3967790750952802e-01   1.0000000000000000e+00
   6.8472834591331200e-01   1.0000000000000000e+00
   7.2897214711200797e-01   0.0000000000000000e+00
   0.0000000000000000e+00   1.0000000000000000e+00
   3.8057939844130001e-02   1.0000000000000000e+00
   8.6215915036667401e-01   1.0000000000000000e+00
   8.8882820858180100e-01   0.0000000000000000e+00
   9.2703044821571001e-01   0.0000000000000000e+00
   2.9144542396606199e-01   1.0000000000000000e+00
   0.0000000000000000e+00   5.5264498302391896e-01
   8.4898364231418000e-02   0.0000000000000000e+00
   7.2965177399812198e-01   1.0000000000000000e+00
   1.0000000000000000e+00   3.6218161804550603e-01
   1.0000000000000000e+00   4.1007588102084203e-01
   1.0000000000000000e+00   2.7299138268720602e-01
   1.0000000000000000e+00   6.8418409303102101e-01
   1.0000000000000000e+00   9.5806470858317105e-01
   2.9712450054653700e-01   0.0000000000000000e+00
   9.6855192175295302e-01   0.0000000000000000e+00
   1.0000000000000000e+00   4.7034126043724998e-02
   5.9612181507060402e-01   0.0000000000000000e+00
   1.0000000000000000e+00   1.0000000000000000e+00
   1.0000000000000000e+00   0.0000000000000000e+00
   1.0000000000000000e+00   6.4026438317744405e-01
   0.0000000000000000e+00   7.1264653003780198e-01
   0.0000000000000000e+00   5.9148122468407704e-01
   8.4893713075359301e-01   0.0000000000000000e+00
   1.0000000000000000e+00   3.1729623616227498e-01
   5.1000000000000001e-01   5.2000000000000002e-01
   3.1000000000000000e-01   3.4000000000000002e-01
   7.2999999999999998e-01   7.0999999999999996e-01
   2.8000000000000003e-01   7.1999999999999997e-01
