   7.2352518891447379e-02   7.2683081160159091e-02
   2.2705015803217049e-01   9.4129368409410302e-02
   3.6612761981814951e-01   1.0199698534397481e-01
   5.0570236436785110e-01   9.0964377714332023e-02
   6.4535787461326155e-01   8.8843428822532211e-02
   7.8577972911607230e-01   7.4807348367896875e-02
   9.2918265639553133e-01   6.9639800920875461e-02
   9.7259143843621096e-02   2.1773993334827729e-01
   2.8896387861005690e-01   2.9149710285706171e-01
   3.4488947078718513e-01   3.0635863048483081e-01
   4.7142695186551747e-01   2.7661622171467770e-01
   6.1395443722552601e-01   2.6771762303287627e-01
   7.6793333016851550e-01   2.3041560433117750e-01
   9.2436696088591386e-01   2.1125820814453011e-01
   7.9662587311414151e-02   3.5190128539366672e-01
   2.9300064452587787e-01   3.8623136875216840e-01
   2.5912449683077299e-01   3.4106703247863029e-01
   4.7624375720132789e-01   4.5613041378235331e-01
   5.7240573280080209e-01   4.5101967036031931e-01
   7.3537560491461718e-01   3.8790608323507292e-01
   9.1375657451319592e-01   3.5138840054998000e-01
   9.0853150088550272e-02   4.8537036166281122e-01
   2.5458669359881192e-01   5.4049221065502173e-01
   3.4977789570867968e-01   3.6791960324444689e-01
   4.2846691747607268e-01   5.4030187316980549e-01
   5.7748400295914915e-01   5.4937546924536185e-01
   7.3588555980173520e-01   5.3067099984445021e-01
   9.1149344643580954e-01   4.8908937975507749e-01
   8.8460157552510646e-02   6.2144511013181025e-01
   3.0888430301403669e-01   7.0604300943667297e-01
   1.5953740324989230e-01   8.5623911893697635e-01
   5.0105492541654062e-01   5.9935846413650551e-01
   7.0481044830208683e-01   6.8361974268380732e-01
   7.5010975380981271e-01   7.3993680001687168e-01
   9.1915964602539790e-01   6.3030847327618300e-01
   7.1603109908161988e-02   7.5973824949328184e-01
   2.8271043707970889e-01   7.5143542879704484e-01
   2.5270729863500402e-01   7.0586786774975829e-01
   5.0711198863674367e-01   7.4615110731387257e-01
   7.5859322491393333e-01   6.8870721152015024e-01
   7.0026473326073368e-01   7.3273119449224289e-01
   9.1702406854463336e-01   7.8027916379240625e-01
   6.4127141320992634e-02   9.3309188531044607e-01
   2.4914037761855051e-01   9.3949879641542444e-01
   3.7883938272924178e-01   8.9109489326745872e-01
   5.0400509751559575e-01   9.2688259946984364e-01
   6.3790557573960616e-01   9.0095145977451652e-01
   7.8075439823850901e-01   9.1599180189680329e-01
   9.2817317054249437e-01   9.2764587405946819e-01
   0.0000000000000000e+00   0.0000000000000000e+00
   1.6126424184576391e-01   0.0000000000000000e+00
   0.0000000000000000e+00   1.5977288097608280e-01
   3.0213632631109338e-01   0.0000000000000000e+00
   4.2828873057566219e-01   0.0000000000000000e+00
   5.7416474848821941e-01   0.0000000000000000e+00
   7.0738982045453858e-01   0.0000000000000000e+00
   8.5487860467863475e-01   0.0000000000000000e+00
   1.0000000000000000e+00   0.0000000000000000e+00
   1.0000000000000000e+00   1.4293900729528750e-01
   0.0000000000000000e+00   2.7321811283757308e-01
   1.0000000000000000e+00   2.8745179030942170e-01
   0.0000000000000000e+00   4.2578417248367822e-01
   1.0000000000000000e+00   4.2167490602691099e-01
   0.0000000000000000e+00   5.5183104583679088e-01
   1.0000000000000000e+00   5.5510235546881947e-01
   0.0000000000000000e+00   6.8083633642330488e-01
   1.0000000000000000e+00   7.0646018767263274e-01
   0.0000000000000000e+00   8.4348834743509049e-01
   1.0000000000000000e+00   8.4810667886599300e-01
   0.0000000000000000e+00   1.0000000000000000e+00
   1.5442770061564889e-01   1.0000000000000000e+00
   3.4560125078636050e-01   1.0000000000000000e+00
   4.1540006614587099e-01   1.0000000000000000e+00
   5.8762614736601770e-01   1.0000000000000000e+00
   6.9969309980969552e-01   1.0000000000000000e+00
   8.4828323567391761e-01   1.0000000000000000e+00
   1.0000000000000000e+00   1.0000000000000000e+00
   5.1000000000000001e-01   5.2000000000000002e-01
   3.1000000000000000e-01   3.4000000000000002e-01
   7.2999999999999998e-01   7.0999999999999996e-01
   2.8000000000000003e-01   7.1999999999999997e-01
