   7.5447294095247003e-02   6.9792178589908305e-01
   6.6506240530662997e-01   9.7540084743894395e-01
   2.6976273934991000e-02   7.8886070870355895e-01
   7.3467335630979000e-02   1.5774348528567600e-01
   5.2763428518586297e-01   5.3543148443610500e-01
   1.3955786789645500e-01   3.1372984553288602e-01
   7.4717471958115700e-01   7.1604349647302901e-01
   7.6662702214328104e-01   6.9571976783109002e-01
   7.5868958837735900e-01   7.3705827600675400e-01
   2.2494056294605000e-01   3.5357851739927798e-01
   5.6585447899931396e-01   2.7970365976305100e-01
   5.1054032076523603e-01   1.7607496526248900e-01
   9.1324219073470803e-01   8.7189560753279105e-01
   4.4649549092859397e-01   3.7275307354534198e-01
   8.8667531851567205e-01   5.4026734589079395e-01
   5.4340785622870103e-01   5.8704793773748798e-01
   3.3192768554196600e-01   3.1272082925945199e-01
   7.6732282731587598e-01   6.8015593673202102e-01
   2.3938833487383099e-01   4.2671970587152702e-01
   2.5933926032400700e-01   2.9384854073736699e-01
   2.4589797780183800e-01   7.5215704350895995e-01
   2.6914076731886499e-01   1.8031425817595501e-01
   8.4207982887703903e-01   3.5640647448472701e-01
   8.3586920023208999e-01   2.9916810234624103e-01
   1.9130331796469000e-01   4.6290591702071299e-01
   3.2964185037015298e-01   1.7534440258968600e-01
   5.5851377063028396e-01   5.2808161840467305e-01
   4.1816015866065098e-01   1.2529810163244101e-01
   5.4121183736794998e-01   1.2562910490219001e-01
   6.7509103157118100e-01   7.1055884428014304e-01
   2.8023429948642398e-01   3.3053330923837598e-01
   4.5749652988345202e-01   5.2969256779446205e-01
   2.3689673846220002e-02   9.1194541781881200e-01
   9.7508297836271596e-01   6.0090098699294303e-01
   2.3927825359712601e-01   7.2173195604582097e-01
   1.7705787690573899e-01   7.5745824490920299e-01
   3.6021800352359701e-01   4.2324785578711899e-01
   2.5242414864982898e-01   6.8553375614837098e-01
   4.1787152619559897e-01   2.2380872054776299e-01
   3.4997389332146500e-01   8.8131385820341201e-01
   9.7356364187617295e-01   1.9927796498344300e-01
   9.3081322606454098e-01   3.6282062211651900e-01
   2.5106936163606999e-02   6.6962493805252699e-01
   8.1283270336340097e-01   4.0383115976372203e-01
   2.9156583036641398e-01   7.1130885731940996e-01
   3.6457814377955700e-01   3.9536313420278801e-01
   4.7410223527340400e-01   5.0207668796743199e-01
   9.7212301951553803e-01   2.6110860208043998e-02
   5.0868575297834495e-01   5.8907761540129699e-01
   9.7785792323077103e-01   5.3636462509944804e-01
   3.2949175473248499e-01   4.2158781843833298e-01
   7.8576275905932902e-01   5.8770975962367999e-01
   5.1057735883247302e-01   7.5294194055377003e-02
   4.4766099430442102e-01   5.8714264798295401e-01
   7.1842083869284701e-01   7.0534923090664703e-01
   7.0374155876915601e-01   7.0068258589270105e-01
   2.7205699984434800e-01   2.7368716967661300e-01
   2.3151673889344701e-01   2.9998823846806100e-01
   9.7096444356512202e-01   7.9973104791973004e-02
   2.2978803651684199e-01   2.4032239039881002e-02
   7.9137815680245999e-02   3.9845586090357099e-01
   5.5878093158505704e-01   6.1726485917121898e-01
   8.1791634655454304e-01   7.1595404555084896e-01
   6.9686525825225698e-01   5.2954079344515204e-01
   2.9227534613548201e-01   2.8140010773298102e-01
   4.8754879875310903e-01   5.3224404493255895e-01
   3.8511268998519199e-01   2.6879903768277302e-01
   9.7313994257499004e-01   1.3940780471441599e-01
   1.1666863203351099e-01   1.9469693964787299e-01
   8.2792154246097804e-01   2.4038668401375099e-01
   5.0512498994027699e-01   2.7373413678393399e-01
   3.5134439331168399e-01   3.1365558675212901e-01
   2.8099260053376401e-01   3.6557314631720300e-01
   3.7133229596087702e-01   3.1443528369220097e-01
   4.4191653010475002e-01   2.7538058671261401e-01
   2.0712159148513701e-01   3.2200431466779600e-01
   6.5536246259955100e-01   6.9790008764460698e-01
   2.8917937843109298e-01   7.3032503339355004e-01
   4.4258453709670698e-01   5.5591091958707906e-01
   4.7797567574938399e-01   2.2516303972742799e-01
   2.9078879206789698e-01   3.1296214253348198e-01
   2.9794570210452798e-01   2.5928544010628901e-01
   6.6865492668286797e-01   7.6967746079368204e-01
   2.9721585589776700e-01   6.9679987445052105e-01
   7.6818256330912704e-01   6.4389784043515197e-01
   9.7591005420303001e-01   3.9920828940314002e-01
   6.0117655185173402e-01   1.2196905686156100e-01
   4.7015321090865297e-01   5.6019509406060997e-01
   6.3165744014562697e-01   8.2019219828334700e-01
   1.8801831674424199e-01   2.7471040431037702e-01
   8.8110797369722804e-01   2.6291790762896600e-01
   8.5791957735477198e-01   4.4153037952516899e-01
   7.6279438848917502e-01   7.5611843196886006e-02
   2.9222343156669300e-01   6.8060983943544895e-01
   5.7480159468078795e-01   4.4239585679147903e-01
   3.1496825966883003e-02   9.7213663683548801e-01
   3.9325344420665997e-01   3.9258967802877298e-01
   2.1458529411383800e-01   6.4045551837534598e-01
   2.8058554238034999e-01   2.9668564433311800e-01
   2.6333289349889399e-01   3.6397826571589598e-01
   3.3228133037514201e-01   2.8027780177877498e-01
   1.2430237793961600e-01   7.7679449822384905e-01
   6.9135860589324205e-01   8.2676328289453105e-01
   4.2186391442212701e-01   4.8046861359294202e-01
   7.5748575597767698e-01   7.7698228013450199e-01
   4.9689194884627902e-01   3.7036429194957998e-01
   6.4424437086943098e-01   6.0842967060161102e-01
   2.5190528667611001e-02   7.2904907945803898e-01
   1.1004426936994301e-01   4.8688788704826003e-01
   2.8971989843150098e-01   3.4866048554177598e-01
   4.3943612553273298e-01   4.5517170972789300e-01
   6.0898896471442499e-01   5.0106506301335996e-01
   3.5529633075783001e-01   5.0757926404365805e-01
   6.6883609330486404e-01   2.5967129070231498e-01
   7.4360228239877202e-01   5.5496711704705504e-01
   9.7276417805027204e-01   8.4744041650614199e-01
   5.7344959741450596e-01   4.9958812873806702e-01
   3.4902641252509897e-01   3.8020186747273899e-01
   7.3872598648720006e-02   2.2434362131166599e-01
   4.7965888752865599e-01   2.5523348709762000e-02
   7.8236315876050599e-01   2.8459934796150899e-01
   3.6089913984519301e-01   3.3198746069455298e-01
   1.1787864892978001e-01   6.0334911754645804e-01
   4.4553954174742499e-01   9.2435255484234802e-01
   3.2011912742040000e-01   9.2760365877094098e-01
   3.2899780521350702e-01   3.8310358089456897e-01
   3.9386132732519202e-01   3.0184966341163300e-01
   5.3710820087628897e-01   6.9040399811163400e-01
   4.9384887227481900e-01   6.2196165205405796e-01
   8.4588396691576895e-01   8.7440214172645003e-01
   4.9783027129347901e-01   7.2329298087714600e-01
   9.2148924502137597e-01   1.0576524054661300e-01
   6.9097907118125901e-01   6.7131148662784101e-01
   9.2263911320900505e-01   6.9112917489842496e-01
   3.1135938066885899e-01   3.1338617262731300e-01
   5.7177024217063099e-01   7.3863579391028999e-02
   3.2559306767107798e-01   7.4923983442012598e-01
   5.4109175727581404e-01   2.2666446635360701e-01
   6.2912181286975299e-01   1.6886134435646999e-01
   2.2974684852091001e-02   5.4767489345142395e-01
   3.0118712969665301e-01   7.5942562373256495e-01
   2.9691669432209000e-01   4.0015504395276802e-01
   7.2767762837911898e-01   6.9351030147043802e-01
   6.9881196617136199e-01   7.3658183099384003e-02
   5.0781572324577195e-01   9.2885364258231595e-01
   7.1824639599842000e-01   6.4235887173795003e-01
   6.8918630725270402e-01   7.0000425191710203e-01
   2.5017157022959001e-02   7.6759907859864002e-02
   6.8434065356031804e-01   7.2725698379474701e-01
   3.2737736230804798e-01   7.0815510518203595e-01
   8.7857702599813203e-01   7.7315523491987004e-02
   2.4962313666499002e-02   4.2409513875416199e-01
   3.7312320372227198e-01   3.7263936521278201e-01
   4.4094183600121700e-01   5.0470581954256399e-01
   2.9913746604722302e-01   5.0608069706215897e-01
   7.9160839223208401e-01   3.4300942559637398e-01
   3.2241906567985201e-01   3.2902788798767901e-01
   6.9410990848960297e-01   1.6611134284427101e-01
   2.6417056578680198e-01   7.3535061053402004e-02
   2.4118793682225002e-02   8.4667448578287496e-01
   1.6631436274028899e-01   6.2584881116538504e-01
   7.2390993670694403e-01   8.7627313470488799e-01
   3.8746712402542599e-01   1.7627766635750200e-01
   2.5826639912666099e-01   8.2421627011156295e-01
   3.2077766988015899e-01   7.2714106818899404e-01
   6.5245353197078504e-01   5.5949805575829403e-01
   2.8772782118417101e-01   3.8412267536274097e-01
   7.1571602370864595e-01   2.1740922920622799e-01
   2.7189106419168102e-01   7.1067633832350696e-01
   9.1880351137121397e-01   1.6547839170200501e-01
   2.2470731613774600e-01   2.2428492374581099e-01
   7.3356037206067304e-01   7.2114631759546599e-01
   1.7433917237763699e-01   6.8899171013508897e-01
   3.0721462245879899e-01   7.4057549883302198e-01
   2.5227477708883200e-01   5.4344853468492405e-01
   5.9239013715508904e-01   4.7133679107069798e-01
   6.6134769012538197e-01   4.2633006247746502e-01
   5.5507831505048000e-01   7.4178766412862895e-01
   3.4861334885096901e-01   3.4675701734652498e-01
   7.0725978276080803e-01   7.1414945116848005e-01
   6.9307039687425498e-01   7.1422947616079502e-01
   6.9756647192055099e-01   7.4020473245921903e-01
   6.1669430668185898e-01   5.3854540139597495e-01
   7.9402693954058301e-01   7.3689694163628305e-01
   2.8878266484053600e-01   8.7714173306156595e-01
   7.5206328722433502e-01   3.8357313113637997e-01
   2.6999404493411999e-01   2.4296885141995300e-01
   1.4477170014113000e-01   8.2259256759920096e-01
   6.1919245523472699e-01   6.5525631773317905e-01
   3.5583167937897697e-01   3.6258571244576798e-01
   4.7573133273892598e-01   9.7511198044688097e-01
   4.7367194615007902e-01   3.2202287649575601e-01
   7.3916149843687395e-01   6.8553444465025704e-01
   4.1459141080183898e-01   5.7052243710256501e-01
   6.1138630230168300e-01   4.3479361378696402e-01
   3.5800443614568800e-01   2.3112200053784401e-01
   8.2360772863566001e-01   7.9543478571412002e-02
   8.4779729655217395e-01   5.0295944101515100e-01
   3.0197101176177799e-01   2.9766968462272803e-01
   6.6777648272753698e-01   6.6787753584333498e-01
   5.5860728209895005e-01   4.7577326113701202e-01
   5.6973707732226497e-01   7.9346492274781399e-01
   7.7326671227739996e-01   7.4430541470741995e-01
   3.7592444342330400e-01   6.4130159271339304e-01
   3.2170849740515900e-01   2.9734806534758401e-01
   2.5797589196811099e-01   9.2587583408380203e-01
   9.2554816569433096e-01   2.2865490603470501e-01
   6.9469248866500799e-01   9.2517616229404798e-01
   3.8559428875101298e-01   3.3215213802240201e-01
   5.4615120153469399e-01   4.2002058580460000e-01
   3.2527491330970598e-01   7.5273357904654004e-02
   7.4100203465719505e-01   6.5152443182152098e-01
   4.1750699250701101e-01   3.2852275529541403e-01
   6.0427546951448197e-01   2.4890769002669001e-02
   5.7107185499747404e-01   6.5540713980896204e-01
   9.7318095112804204e-01   4.6611890473644801e-01
   2.6235620873530202e-01   6.9851751633739900e-01
   2.2123841405086300e-01   3.8683880788349101e-01
   2.1326847181887901e-01   5.8424929977250994e-01
   9.6252746490383997e-02   2.7468279494007000e-02
   4.4681861021107100e-01   7.0728457376304299e-01
   4.3188012695708500e-01   6.5530750990498099e-01
   3.0371536912161001e-01   7.2420643475903002e-01
   7.3052059635845701e-01   7.3492295273230801e-01
   5.4520931416116702e-01   4.5187106056835402e-01
   7.8232267318774995e-01   6.6716874740250098e-01
   8.0446150145814299e-01   6.8418564860059095e-01
   9.2951935616266002e-01   7.4996717637619303e-01
   2.7125793114552099e-01   3.4738161042313898e-01
   2.3708869083414999e-01   3.2963048886946900e-01
   7.4385384475020599e-01   4.9069893149785099e-01
   1.2865734818920699e-01   2.5535449695168499e-01
   5.1133782955993601e-01   7.8026835312995901e-01
   5.3931746978514095e-01   9.7557375458233497e-01
   8.5518536869982298e-01   2.5430593300089000e-02
   4.0213725782494097e-01   5.0760677747249106e-01
   3.5750146053084803e-01   1.2465325192854899e-01
   7.0252129354395099e-01   7.2700831628043405e-01
   7.2594054669290198e-01   9.7458288248657199e-01
   3.8727713690436300e-01   7.4903481420434001e-02
   6.0738217667206496e-01   8.8156623964360603e-01
   1.6311875055416900e-01   2.4206009151089999e-02
   7.0623200904198902e-01   6.5999658428551800e-01
   2.6684503879113203e-01   7.2934121701714305e-01
   1.3064782456312701e-01   4.3692177676817301e-01
   7.2734524929816002e-01   7.4872086444425601e-01
   2.7954662689926602e-01   7.5921520284038901e-01
   5.2612296451350105e-01   5.6471195674066299e-01
   5.7172083039927002e-01   1.7671201301205000e-01
   3.4323814484852300e-01   2.9607051781668697e-01
   7.3035790014554403e-01   1.2171821075217699e-01
   2.9343573191924199e-01   2.5047525692182999e-02
   6.3464478561663695e-01   7.2944691625038000e-02
   7.5174988198388604e-01   6.7828310614861997e-01
   4.8065465781622102e-01   8.7841361725757205e-01
   8.2429993001385995e-02   3.3956885198010101e-01
   3.0863809771620299e-01   3.8341940175173700e-01
   5.7288232587528198e-01   9.2904120499058296e-01
   3.1816881399648600e-01   8.2906102966523798e-01
   2.4334160216406001e-01   7.0320912411277003e-01
   8.4798343516084496e-01   9.7422528805399999e-01
   4.1841984289729700e-01   6.1096871529495500e-01
   9.2590823979775305e-01   4.2702417447371699e-01
   4.7911391830832700e-01   5.9019631153619201e-01
   7.7322450344057703e-01   2.2681287126307900e-01
   3.4111193554522501e-01   3.3005146605665497e-01
   7.4117714721264605e-01   7.0174788271148603e-01
   7.6626507183085002e-01   4.3707753134406402e-01
   3.3738522201472398e-01   3.6454031605587400e-01
   3.2529352823089203e-01   6.1400895808497002e-01
   7.5763610583194696e-01   7.5484201690835295e-01
   9.7537656676316797e-01   7.2123012226908101e-01
   3.7743328020654798e-01   5.8959619964871501e-01
   7.9231072598433006e-01   5.2524194729667695e-01
   4.2404082107397700e-01   5.3263676001997395e-01
   7.9520919044254801e-01   1.2772760652646001e-01
   7.5694813514618398e-01   7.0660490488357397e-01
   2.8907450733551299e-01   9.7528058588404998e-01
   9.0076309589137304e-01   4.7605768818786498e-01
   9.7165962274929696e-01   9.7056341923007505e-01
   4.9851385332959502e-01   5.6065774916722899e-01
   8.1592804395915497e-01   9.2489762075696702e-01
   7.1503145342902297e-01   4.2930946442839202e-01
   2.4535148590140299e-01   3.7204664356360800e-01
   2.7155579319866802e-01   3.1372691354884003e-01
   3.2691538739930398e-01   2.5671856106717700e-01
   6.2092177556570205e-01   2.8660570769281801e-01
   7.4573766175748002e-01   7.3034386078949998e-01
   8.6878577026352899e-01   8.2729607915299497e-01
   3.0938371960282102e-01   7.0928156393551900e-01
   4.1782502389204101e-01   2.5409827476533000e-02
   8.1343700218901999e-02   8.1819293710113905e-01
   2.2921614156505299e-01   8.7377738852951503e-01
   2.2684772123496399e-01   7.3962688850397296e-01
   5.4154358552909199e-01   2.5151393669810999e-02
   4.6698160753126200e-01   4.4650970137950802e-01
   2.5581686439379497e-01   7.1598452109606703e-01
   5.2597038920572303e-01   6.1250746610387496e-01
   2.5196221279666697e-01   3.1367040659645501e-01
   2.7585835584743000e-02   3.6679769258224498e-01
   7.7537232974357995e-01   7.2657730610043003e-01
   6.4765540760564300e-01   5.1223242592682505e-01
   8.7390384536227805e-01   7.2224121579673795e-01
   6.5796805282080395e-01   2.1079391302718400e-01
   4.4914742697083299e-01   1.7447656008800499e-01
   7.1097909244207302e-01   7.5000340969458701e-01
   8.0946241818346398e-01   8.2136749600084402e-01
   9.3000003693108402e-01   9.2686309058121097e-01
   2.6911522833633999e-02   1.3192823088758501e-01
   8.1676886273187299e-01   1.8113752589336801e-01
   4.4889467865948901e-01   7.5396424491232003e-02
   9.2234965378086997e-01   6.3375037819879598e-01
   3.9689055108816002e-01   3.5873419245745602e-01
   4.5780441327740501e-01   7.6565647800154801e-01
   7.5608991457903796e-01   1.7246744702340400e-01
   2.9632811054305702e-01   1.2637959984576999e-01
   5.7472224385387904e-01   5.8406502681298000e-01
   9.2667840457249595e-01   8.1440868618208095e-01
   4.5926824388551801e-01   4.7810648895581598e-01
   6.6435656980254898e-01   1.2044839946905300e-01
   6.4253233589863401e-01   3.3705223024386999e-01
   4.3907422387026301e-01   4.1851667629051797e-01
   3.4101060779508302e-01   4.0024399369428598e-01
   7.0297953841872096e-01   7.7949849848599295e-01
   1.6319146469117299e-01   5.6540216603633597e-01
   4.8005521238385801e-01   1.2524481521053399e-01
   6.3351776938237103e-01   4.7042003186820203e-01
   7.3135179085387003e-01   2.5429529910396001e-02
   7.3911490451802198e-01   6.6961102866807098e-01
   8.6658290302781404e-01   6.6557199259556299e-01
   7.8685205960639304e-01   9.7470035807730704e-01
   6.1472597423947395e-01   7.6149726548361296e-01
   8.2278537015589603e-01   6.2939691448197699e-01
   4.6605469368077701e-01   8.2493166988403899e-01
   2.5682583982170999e-02   1.9209968759258800e-01
   1.8195047456048999e-01   3.5712367645974102e-01
   8.7542137950994703e-01   9.2242437487964302e-01
   6.3530456693032100e-01   9.2812294394734596e-01
   7.6034019224877403e-01   7.2181795368487200e-01
   2.7194922033904301e-01   6.8086601379193401e-01
   4.9121477186993201e-01   4.6993355329156400e-01
   6.0268519305977497e-01   9.7577036983541698e-01
   7.6943848519840000e-02   8.7089741077654007e-02
   6.7836739210022401e-01   6.8818799082999804e-01
   3.3849552931999699e-01   6.8617241811438501e-01
   7.4853699404650004e-02   7.5648283538077499e-01
   5.0537617599322404e-01   4.9724638221081402e-01
   2.5537938612427902e-01   6.6373877709582696e-01
   2.3113276030280400e-01   7.7286091702925497e-01
   2.9872241258586202e-01   3.6807156614658798e-01
   2.0339786879530600e-01   5.2373184749601998e-01
   4.1409072325411000e-01   9.7432700303752895e-01
   1.5578237004753001e-01   5.0281110385117200e-01
   5.8637652516140504e-01   3.4048171111907399e-01
   2.8043417576779700e-01   6.9594545425024101e-01
   5.4067008160345098e-01   5.0239259162471706e-01
   7.5787942505362504e-01   6.6351798727424804e-01
   5.5413457383586295e-01   5.5735881271055598e-01
   5.8379559636559497e-01   5.5334217169358502e-01
   5.2559247744985205e-01   6.4671699406508598e-01
   2.2613447931574199e-01   9.7508307196550004e-01
   3.2448727209539402e-01   4.5590521075660401e-01
   7.3115219822303401e-01   7.8341507722143500e-01
   8.3354567976410698e-01   7.7034887590433498e-01
   4.1945430059959399e-01   8.7046356796733204e-01
   1.1846170904106700e-01   1.2741998083104800e-01
   5.1805383771940505e-01   4.4598325338680700e-01
   7.2396030541029499e-01   6.6284883503298397e-01
   3.6489740092233502e-01   2.9315954552195200e-01
   2.6079336581885698e-01   3.3143441099149101e-01
   9.7544166791406395e-01   7.8478171086494297e-01
   1.1461286719532200e-01   5.4440151303755302e-01
   2.4540807191558700e-01   4.8461779143183398e-01
   1.2309836318924600e-01   6.6358053402408601e-01
   2.1186808805759999e-01   1.7048460815623601e-01
   5.4363242597696604e-01   3.7752671642631402e-01
   5.8764608386231099e-01   5.2448717530197297e-01
   2.5902741234781000e-02   2.5274719453432398e-01
   8.8548218102093001e-01   7.7692406041445194e-01
   7.1508372088074401e-01   7.3654832718088203e-01
   6.0326049659589298e-01   2.2938058833599700e-01
   2.1919844284678200e-01   7.1253993649955805e-01
   8.6087674237177403e-01   1.3585249692486601e-01
   9.7525322009019400e-01   9.0562758208555405e-01
   9.7565118699291897e-01   2.6291843835088002e-01
   7.8258395846996898e-01   6.9230673147919297e-01
   6.8615527342299698e-01   3.1116365827349901e-01
   5.2172284580209405e-01   8.3367061171442802e-01
   2.6884332441946102e-01   3.8341984726931999e-01
   3.8834023153714398e-01   5.4306920776283996e-01
   2.8615761066099898e-01   7.8037873261553503e-01
   1.2969220875730100e-01   3.7501908868128803e-01
   9.2895905525284095e-01   5.7335904523730596e-01
   3.5266950707871902e-01   9.7428890213827102e-01
   2.0195387210999199e-01   7.0087934087563003e-02
   5.4198765290329098e-01   8.8478845700567599e-01
   3.5303578531809299e-01   2.7035135946072902e-01
   7.1009908139149902e-01   6.7549243882034204e-01
   2.3765015369699001e-02   4.8464503048294200e-01
   7.7231093240516202e-01   7.1005480587101300e-01
   5.2503342571969702e-01   4.7489192886505399e-01
   7.9028106378000096e-01   7.1179892661735100e-01
   3.6290891759300897e-01   7.8192529716710202e-01
   1.7842630989944799e-01   1.1670946190918900e-01
   1.3674363735470099e-01   7.2909717184200001e-02
   3.8551234585734401e-01   9.2316240851803499e-01
   6.9789575492319500e-01   6.8644805944982501e-01
   2.9890854338871498e-01   3.2928775317358500e-01
   9.3592067515838995e-01   5.1124809976794605e-01
   1.5859959100284399e-01   1.6512266523880201e-01
   9.7614326627516701e-01   3.3058240564210700e-01
   4.0747427881560799e-01   4.4351580002513902e-01
   6.2904718368944101e-01   3.8574120894269198e-01
   9.3112091963547705e-01   2.9411920728602597e-01
   3.1821301618660303e-01   4.0085539452774399e-01
   3.0877596281639402e-01   2.2562864307287300e-01
   4.1678912943295698e-01   8.0576403770899196e-01
   7.9398058863948495e-01   2.6199650111691002e-02
   7.5251465490493696e-01   8.2795725391219799e-01
   2.5146343363297502e-01   3.9686307054365899e-01
   1.7082777771763100e-01   2.1888081547584101e-01
   3.2975901739795299e-01   3.4792664927469802e-01
   2.4120676517919000e-02   6.0934694944503998e-01
   4.8335166018059700e-01   6.6461723344061996e-01
   2.9701896335552702e-01   5.6533092397721596e-01
   1.9898568210544801e-01   8.1878747404810304e-01
   2.6122344320640301e-01   7.7069686709263996e-01
   9.1658966240320805e-01   3.1803125158028002e-02
   5.1331199540709804e-01   4.1001965721247302e-01
   2.3811710390917501e-01   1.2271488449886600e-01
   8.7224527171571198e-01   1.9946265725755399e-01
   2.2954106219152701e-01   6.8484318570675795e-01
   7.1359852874523300e-01   6.8983917091122904e-01
   6.9571383294391798e-01   7.5846479214806795e-01
   6.8874546914259005e-01   6.4509246495795103e-01
   2.4180235588040000e-01   2.7059724944560498e-01
   6.5938661638062102e-01   7.2919757358259996e-01
   3.4572068977338000e-01   7.2757296627796797e-01
   2.4990321057652901e-01   3.4873287338866199e-01
   2.7897799350292202e-01   4.4210892228440302e-01
   9.0881881385558105e-01   9.7568048081933101e-01
   6.9425860927200003e-02   5.7764781604516402e-01
   2.7685918460555398e-01   7.4162560422661306e-01
   1.7855557603889299e-01   4.1136784330939502e-01
   3.8072867787217202e-01   4.7297561026453899e-01
   7.1417741335335003e-02   4.5345923526407900e-01
   8.8746080822497697e-01   3.2607594172011900e-01
   2.6316178858187600e-01   7.4871316953270395e-01
   3.0235790387355399e-01   4.2193025110665200e-01
   3.1174918111177402e-01   6.6687404704298503e-01
   3.7109776580419601e-01   3.4968145525068400e-01
   8.0431679117782998e-02   2.8362648183491501e-01
   9.7398741397216704e-01   6.6114497687433404e-01
   3.1939634484474300e-01   3.6765422046804302e-01
   2.9170267956484103e-01   7.4597751607973894e-01
   7.2701183010744005e-02   6.3823980896845500e-01
   3.1319849775450898e-01   6.9026483190485599e-01
   2.7330113920634998e-02   3.1033395812249598e-01
   3.5567558750396100e-01   2.5446662273575001e-02
   7.2536721412275096e-01   6.7874570622225505e-01
   4.9299795508710598e-01   4.3776115839805901e-01
   1.3668327173795999e-01   9.2541533026372003e-01
   1.6286236628117601e-01   9.7503614263630500e-01
   8.8101439908102597e-01   3.9138688160471202e-01
   7.5565411314989495e-01   9.2495725738718604e-01
   4.0423219079923201e-01   7.4744196992657796e-01
   2.8346502401375001e-01   6.5960791356269299e-01
   7.8588830558510103e-01   8.7510316868592297e-01
   3.9212890442796200e-01   6.9404496156280504e-01
   3.4356744584115501e-01   5.5450911345408704e-01
   7.1853534868247004e-01   7.2304893724941000e-01
   6.6673938094733001e-02   5.1695974425080504e-01
   3.3199098508215001e-02   2.5570037184786999e-02
   6.8600429486261505e-01   4.7645206674148799e-01
   5.9834510211394198e-01   7.0653139632015305e-01
   6.1107401807615602e-01   5.7607207521440595e-01
   6.9175699624047404e-01   3.7274529768073800e-01
   6.6306260395402805e-01   8.7469591214827602e-01
   7.4333876060393200e-01   7.4489465973042901e-01
   3.1647723238112402e-01   7.7497077565597505e-01
   5.8225159901954504e-01   4.0012277557977899e-01
   5.9686701545859000e-01   6.1386046513073700e-01
   3.7425078826715802e-01   8.3645887821533205e-01
   6.5969823303784994e-02   8.7441250116411895e-01
   7.5267767849375500e-01   6.9233832298453302e-01
   3.0938907084022899e-01   3.5348597847077401e-01
   7.4104596983030602e-01   6.2269834854570505e-01
   6.6782719526345002e-01   2.4995378520377001e-02
   2.7520720025182099e-01   4.0820987895514699e-01
   1.2791283963539099e-01   7.2202759674014005e-01
   5.7801907105443695e-01   8.4197607847017097e-01
   4.5913266370928801e-01   6.2199390877282101e-01
   8.3534328724919304e-01   5.6440629641059903e-01
   7.8253339881280104e-01   7.6494231335003704e-01
   7.3752642571534299e-01   3.2866520373512298e-01
   7.8132303149966997e-02   9.2759901168144898e-01
   9.8376065798764997e-02   9.7607441604278400e-01
   1.1647325237362000e-01   8.7199665468419496e-01
   7.2821926974887297e-01   2.7061324351904298e-01
   8.7588420306865800e-01   6.0324157995637295e-01
   5.3108826104789097e-01   3.2542065283235599e-01
   1.7262911845154899e-01   8.7421554713887895e-01
   7.1963754482407705e-01   7.6409296927727299e-01
   1.9736273701187099e-01   9.2568069004808895e-01
   2.6450924702487699e-01   6.0842170747791202e-01
   6.9776825831669798e-01   5.8939356499761497e-01
   3.1227474532414801e-01   2.7898100798869702e-01
   6.7895425302541601e-01   7.4471283829459001e-01
   8.0567212655425102e-01   4.6843754814330002e-01
   4.7522148545576998e-01   4.0882350316927102e-01
   7.3944544546460200e-01   7.6162943384693405e-01
   2.5092199450112002e-01   7.3445626550896403e-01
   6.3401842995588098e-01   1.0000000000000000e+00
   6.9583748786738997e-01   1.0000000000000000e+00
   0.0000000000000000e+00   8.1650489521866598e-01
   0.0000000000000000e+00   7.5973364415028399e-01
   0.0000000000000000e+00   8.7915279484670195e-01
   0.0000000000000000e+00   9.4562003275424100e-01
   1.0000000000000000e+00   6.3148607098776999e-01
   1.0000000000000000e+00   5.6964453338708598e-01
   1.0000000000000000e+00   1.6915429629394499e-01
   1.0000000000000000e+00   2.3026526996200800e-01
   0.0000000000000000e+00   6.3988867125315896e-01
   0.0000000000000000e+00   6.9937238571598304e-01
   9.4138819923199302e-01   0.0000000000000000e+00
   1.0000000000000000e+00   0.0000000000000000e+00
   1.0000000000000000e+00   5.3654076342934003e-02
   1.0000000000000000e+00   4.9961184484908999e-01
   1.0000000000000000e+00   1.0866747615006500e-01
   1.9639052826230199e-01   0.0000000000000000e+00
   2.6200333617647897e-01   0.0000000000000000e+00
   1.0000000000000000e+00   3.6497681637861901e-01
   1.0000000000000000e+00   4.3370181718780898e-01
   0.0000000000000000e+00   1.0000000000000000e+00
   6.3411806550376995e-02   1.0000000000000000e+00
   1.0000000000000000e+00   8.1721768024436703e-01
   1.0000000000000000e+00   8.7542218296930496e-01
   4.4878871000187098e-01   0.0000000000000000e+00
   5.1044894746198499e-01   0.0000000000000000e+00
   0.0000000000000000e+00   5.7894848503160601e-01
   0.0000000000000000e+00   5.1586692776300302e-01
   0.0000000000000000e+00   4.6512470084194998e-02
   0.0000000000000000e+00   1.0523563096482499e-01
   0.0000000000000000e+00   3.9424338455133601e-01
   0.0000000000000000e+00   4.5388832365749199e-01
   4.4458908718436202e-01   1.0000000000000000e+00
   5.0734533666454196e-01   1.0000000000000000e+00
   5.7280557542310095e-01   0.0000000000000000e+00
   6.3609239001384699e-01   0.0000000000000000e+00
   6.5524286907635995e-02   0.0000000000000000e+00
   1.2842520139000399e-01   0.0000000000000000e+00
   5.7092584751048203e-01   1.0000000000000000e+00
   8.2425860375693205e-01   0.0000000000000000e+00
   8.8885737052602698e-01   0.0000000000000000e+00
   7.5634739629288095e-01   1.0000000000000000e+00
   3.2471756623737602e-01   0.0000000000000000e+00
   8.1761620434833404e-01   1.0000000000000000e+00
   8.7780199317802099e-01   1.0000000000000000e+00
   1.0000000000000000e+00   6.9060220383421700e-01
   1.0000000000000000e+00   7.5298072609108302e-01
   2.5752661070665600e-01   1.0000000000000000e+00
   3.2126520729534302e-01   1.0000000000000000e+00
   9.4242786990549698e-01   1.0000000000000000e+00
   1.0000000000000000e+00   1.0000000000000000e+00
   1.0000000000000000e+00   9.3956444196354705e-01
   3.8673523485756300e-01   0.0000000000000000e+00
   0.0000000000000000e+00   3.3869018126088402e-01
   0.0000000000000000e+00   1.6147686952377099e-01
   6.9976180461675297e-01   0.0000000000000000e+00
   7.6298362099170502e-01   0.0000000000000000e+00
   0.0000000000000000e+00   2.2251707132170900e-01
   3.8336417783773302e-01   1.0000000000000000e+00
   1.9447992435035799e-01   1.0000000000000000e+00
   0.0000000000000000e+00   2.8220030365726501e-01
   1.0000000000000000e+00   2.9657513704213900e-01
   1.3101279270975399e-01   1.0000000000000000e+00
   0.0000000000000000e+00   0.0000000000000000e+00
   5.1000000000000001e-01   5.2000000000000002e-01
   3.1000000000000000e-01   3.4000000000000002e-01
   7.2999999999999998e-01   7.0999999999999996e-01
   2.8000000000000003e-01   7.1999999999999997e-01
