   3.4180586301976387e-02   3.7712682787908930e-02
   1.0309495125010980e-01   4.2331487747700867e-02
   1.7288336642334370e-01   4.1251761577283941e-02
   2.4725895552365060e-01   3.9987809655576252e-02
   2.7949580412379971e-01   1.1838213449921710e-01
   3.2352795085944991e-01   4.0419358415341833e-02
   4.0027640155861849e-01   4.0700632360884177e-02
   4.7556903795438638e-01   4.1830647195117518e-02
   5.4952411125595146e-01   4.1255063378253257e-02
   6.2079644075302920e-01   4.2166517483607509e-02
   6.8945492316826473e-01   3.4657608312851647e-02
   7.5696846670289053e-01   4.7130502331664957e-02
   8.2544442919244854e-01   4.1643413703783133e-02
   8.9601027331142191e-01   3.8664917053573417e-02
   9.6586156195950990e-01   3.4333451481965267e-02
   3.7738430702417683e-02   1.1467720166293170e-01
   1.1426566345594720e-01   1.2551111058072781e-01
   1.9918895764351310e-01   1.1867266101871170e-01
   3.1920161713717887e-01   1.9113390251728060e-01
   2.9240801189713228e-01   2.5973740518529109e-01
   3.3582092135913799e-01   2.6008915260160148e-01
   3.6260271900202212e-01   1.1888370189203119e-01
   4.4298594665579932e-01   1.2249716646996180e-01
   5.2599776914489116e-01   1.2177327783020769e-01
   6.0822978969015273e-01   1.2220793857294630e-01
   6.9367979538191171e-01   1.1189955119121710e-01
   7.3463287939011901e-01   1.7717675382163009e-01
   7.9586488733723659e-01   1.2736494698427880e-01
   8.7751233690554187e-01   1.1554204324306050e-01
   9.5933675122524076e-01   1.0371763844533430e-01
   4.2956357226685650e-02   1.9252863471299109e-01
   1.5567593827816281e-01   1.8987099413780770e-01
   2.3777094992945180e-01   1.9972105798582460e-01
   2.5377693832144932e-01   2.8001812694643041e-01
   2.8401780220638018e-01   2.9426636672079037e-01
   3.1226974443210742e-01   2.9046239262561790e-01
   3.4155412147156938e-01   2.9375888243298792e-01
   4.0146873955419460e-01   2.0085865553386811e-01
   4.9000256364095601e-01   1.9717499478924599e-01
   5.7584249188548531e-01   2.0154297894246209e-01
   6.5570707595421851e-01   1.9710941563600240e-01
   7.1865573978284825e-01   2.5812923245389291e-01
   8.0160626606183483e-01   2.2098700588924591e-01
   8.7595969963289666e-01   1.9142077024830700e-01
   9.5820002931642245e-01   1.7284701676396921e-01
   1.0556496658545940e-01   2.4259416505295800e-01
   1.8688088150571591e-01   2.7168199772085921e-01
   2.3484613935053181e-01   3.1623552972287200e-01
   2.6631137762488799e-01   3.1744585620400512e-01
   2.9713054156956642e-01   3.1948502788888189e-01
   3.2615040977068449e-01   3.1717796275868071e-01
   3.5712287682855942e-01   3.1866034632914658e-01
   3.7572291586403422e-01   2.8504420025124139e-01
   4.5151587002630511e-01   2.6913432274037657e-01
   5.4097461767085953e-01   2.7275468737836389e-01
   6.3253781703042677e-01   2.8409473510991762e-01
   7.1541505831787389e-01   3.3861295095118132e-01
   7.9607293486077679e-01   3.0516126871836757e-01
   8.7702269694276813e-01   2.7164442147759688e-01
   9.5813944756967351e-01   2.4397506777372699e-01
   3.6662561435749058e-02   2.7842232601117051e-01
   1.2014726062059200e-01   3.2237008676924539e-01
   2.0768641914541319e-01   3.5395133640105220e-01
   2.5065943762431742e-01   3.4883614778965799e-01
   2.7820651469267671e-01   3.4278435796222628e-01
   3.3587535915805639e-01   3.4357704760668639e-01
   3.6447403011716489e-01   3.4608896968450731e-01
   3.9545982982699451e-01   3.2660512262341712e-01
   4.8805542522396489e-01   3.3999686204881768e-01
   5.7044236956390881e-01   3.5074541039890023e-01
   6.4299921104028479e-01   3.7623696480324381e-01
   7.1645551256610762e-01   4.2522813351835520e-01
   7.9381572131694655e-01   3.8944589785554640e-01
   8.7499841025163749e-01   3.5062738121527082e-01
   9.5809409825938330e-01   3.1747806694827879e-01
   4.0940052098684503e-02   3.5905654022003769e-01
   2.4257991519725600e-01   3.8548643231743029e-01
   2.7316072599117808e-01   3.7366022911974800e-01
   2.9834323617330311e-01   3.6033305263223858e-01
   3.2271445235847862e-01   3.6874745916507268e-01
   3.5081907023590742e-01   3.7210815475139819e-01
   3.8745507513165800e-01   3.7200345879479552e-01
   4.5771795833166767e-01   4.0042436383231073e-01
   5.2418632158270395e-01   4.0485079271837399e-01
   5.7863392032785455e-01   4.2702228783572099e-01
   6.3610847133315707e-01   4.5542950241312119e-01
   7.1072885192798951e-01   5.0823969332655139e-01
   7.9153636130384930e-01   4.7758950722593169e-01
   8.7297704242123209e-01   4.2929045491015078e-01
   9.5747444047797181e-01   3.9158398756130819e-01
   4.1315296332938338e-02   4.3786375955687612e-01
   1.2344051332194550e-01   3.9973956575780051e-01
   2.7258042136465638e-01   4.1249003932167638e-01
   2.9913412187057292e-01   3.9057748024475530e-01
   3.2873397590880032e-01   3.9532114939591362e-01
   3.6064881715646591e-01   4.0714199002577017e-01
   4.3884115529461282e-01   4.5084243110425082e-01
   4.8968885870631701e-01   4.4110748745048650e-01
   5.3490662606570616e-01   4.5650753056688997e-01
   5.8162117272691571e-01   4.8095993651947139e-01
   6.2749434310485230e-01   5.1401480214171524e-01
   6.8533607095012083e-01   5.8055816401751581e-01
   7.8808034763618562e-01   5.6874183622723751e-01
   8.7052565561917217e-01   5.0677654449062381e-01
   9.5655064214850682e-01   4.6529748259578019e-01
   4.0219791132600692e-02   5.1699482496690885e-01
   1.2011553944868369e-01   4.8226451007444970e-01
   1.9557315656919630e-01   4.4313941047794381e-01
   2.6110500767618650e-01   4.9100630390435818e-01
   3.1511040046200822e-01   4.2861387953150609e-01
   3.9117255139764229e-01   4.7856138988745822e-01
   4.4038765794931273e-01   4.9931770995968022e-01
   4.8676597298533208e-01   4.8148302410819199e-01
   5.3823527127398141e-01   4.9924027200070947e-01
   5.7467165560302180e-01   5.3011517368185201e-01
   6.1267038886279124e-01   5.6388670711239541e-01
   7.1476244585872406e-01   6.5493491950135541e-01
   7.4574412061609985e-01   6.4295637030094754e-01
   8.7718435210476287e-01   5.7953239481347052e-01
   9.5786039662459466e-01   5.3798526950175485e-01
   3.7711185388335698e-02   5.9614490352019056e-01
   1.1735684393075280e-01   5.6344934649177092e-01
   1.9327307973858401e-01   5.3720784140078082e-01
   2.6775195037037741e-01   5.8292696252701448e-01
   3.3195133494600709e-01   5.2077517784834171e-01
   3.9677290355704442e-01   5.3904500594498150e-01
   4.4190763031706709e-01   5.4585054050495030e-01
   4.7907614090782880e-01   5.2612830527581667e-01
   5.2983712776347480e-01   5.4926719988268358e-01
   5.6467172321534098e-01   5.8046197443079051e-01
   6.0810702444876397e-01   6.2213901991518261e-01
   7.3529317619948564e-01   6.9187229241018433e-01
   7.4114576353340433e-01   6.7098228941821303e-01
   7.7375911807465159e-01   6.6581970812865710e-01
   9.5769823361377349e-01   6.1173646256811953e-01
   1.0911859097032370e-01   6.4045481125578863e-01
   1.8766360739186599e-01   6.2921457002345860e-01
   2.5873973923925547e-01   6.6829607044195127e-01
   2.7187782888516893e-01   6.9276620829004720e-01
   2.9535003367917317e-01   6.7293133794007465e-01
   3.5372375825209612e-01   6.0213698558748252e-01
   4.2710635981893491e-01   5.9194829898699730e-01
   4.7863206959458982e-01   5.7055421595213551e-01
   5.1670732852524393e-01   5.8998052734797013e-01
   6.8478685361857972e-01   6.6670658671622141e-01
   7.1500956107564262e-01   6.8072529190539965e-01
   7.4909697866082625e-01   7.1151740179820644e-01
   7.6046960802616981e-01   6.8994819238664407e-01
   8.7336115000704218e-01   7.3161693824426199e-01
   8.5999181767482669e-01   6.4966349228249554e-01
   3.8493848631072199e-02   6.7714373266152139e-01
   2.1553336362707259e-01   7.2161843342701559e-01
   2.4207330393002449e-01   6.9771746404332824e-01
   3.0967305726229422e-01   7.2296050983448135e-01
   2.9422518398104558e-01   7.0352422742582654e-01
   3.2191694082749078e-01   6.9313659678046113e-01
   4.1049697871583418e-01   6.5881933772987589e-01
   4.7536367545918840e-01   6.1860053860150277e-01
   5.3961073144858474e-01   6.2876349710314094e-01
   6.9424546090540062e-01   6.9248981507651597e-01
   7.3064008536004343e-01   7.2840588923689376e-01
   6.9137478400421104e-01   7.1698989308632866e-01
   7.7011295712945393e-01   7.1424953626761156e-01
   7.9160129351641706e-01   6.9733823224913216e-01
   9.5221966136600344e-01   6.8076610290896389e-01
   4.6841137499513970e-02   7.5072121691029614e-01
   1.2976001006138130e-01   7.1372675118267115e-01
   2.4438574118086190e-01   7.3150823988684632e-01
   2.6706913191166781e-01   7.4438385504821769e-01
   2.6271782099554619e-01   7.1607059769091952e-01
   3.3789595260418259e-01   7.2688285420935594e-01
   4.2457429678600311e-01   7.3997873462017405e-01
   4.8978778058611178e-01   6.7494757563479535e-01
   5.7301231505792616e-01   6.8407974996082876e-01
   6.6560924346705230e-01   7.0184908520834988e-01
   7.1245823238777350e-01   7.0742867679355359e-01
   7.3098303742429360e-01   7.5025967003592076e-01
   7.8553260448244600e-01   7.3684165580457739e-01
   8.9374206011135515e-01   8.1431097139140274e-01
   9.5853391343027305e-01   7.5148481207736884e-01
   4.8106702813991153e-02   8.2005053729512956e-01
   1.4509764283370791e-01   7.9237123643374852e-01
   2.4463841896274599e-01   7.6528625534905992e-01
   2.8387753406734179e-01   7.6908283144222056e-01
   2.9051468267908898e-01   7.3857782249390669e-01
   3.1387523106444659e-01   7.5508305438521328e-01
   4.6496382007073350e-01   8.1481896565622203e-01
   5.1355582652047282e-01   7.4878814636432134e-01
   5.9921951223837566e-01   7.5342965106467785e-01
   6.7715496697990929e-01   7.3993388474088873e-01
   7.0822220528764390e-01   7.3416979411499195e-01
   7.5428648764090078e-01   7.3505481474146028e-01
   7.5997875496918554e-01   7.6032293099717418e-01
   8.1467190462027683e-01   8.0424005435976886e-01
   9.6723158689468802e-01   8.2466980790392053e-01
   4.0655068055146883e-02   8.9202321087708925e-01
   1.2405075890801059e-01   8.7568280283443145e-01
   2.0513317433326911e-01   8.5962936179049265e-01
   2.8243030960191262e-01   8.5145158259818643e-01
   3.7258322688778772e-01   8.1242127987546242e-01
   3.4562071641052872e-01   8.9263219012925177e-01
   4.2901066555687328e-01   8.8515449281379321e-01
   5.5615416218580582e-01   8.2087015572579813e-01
   6.0546312051451523e-01   8.8765945244793343e-01
   6.4916437537696192e-01   8.1418185656819630e-01
   7.0237485551109413e-01   7.5990403565762321e-01
   7.3033004629146903e-01   7.8054994657423848e-01
   7.6920768047599897e-01   8.7272837199696673e-01
   8.5492029811676540e-01   8.8527792196428468e-01
   9.4889989887244108e-01   8.9286450238537940e-01
   3.6163001638442480e-02   9.6447742002395187e-01
   1.0946263591947120e-01   9.5877488068997263e-01
   1.8307458900116069e-01   9.5513065536661346e-01
   2.5410155127116579e-01   9.4613574283023294e-01
   3.2250626241175528e-01   9.6547576561238613e-01
   4.0130679840310213e-01   9.6164741745445681e-01
   4.8109024858333133e-01   9.6165256521051901e-01
   5.1555813955618257e-01   8.8883846009750334e-01
   5.6460502085836306e-01   9.6162907679370957e-01
   6.4818307346771697e-01   9.6031726627977609e-01
   6.9241123909275748e-01   8.7813816311992587e-01
   7.2758701507386936e-01   9.5826397485167314e-01
   8.0489990185125670e-01   9.5848593993739251e-01
   8.8491786880551682e-01   9.6073715687905470e-01
   9.6319742667425556e-01   9.6338429117668334e-01
   0.0000000000000000e+00   0.0000000000000000e+00
   7.1320144302180172e-02   0.0000000000000000e+00
   0.0000000000000000e+00   7.7857245035042405e-02
   1.3734258288654461e-01   0.0000000000000000e+00
   2.0938086114918250e-01   0.0000000000000000e+00
   2.8562093497169228e-01   0.0000000000000000e+00
   3.6205082376908337e-01   0.0000000000000000e+00
   4.3854204705496702e-01   0.0000000000000000e+00
   5.1222325134765756e-01   0.0000000000000000e+00
   5.8569368737807814e-01   0.0000000000000000e+00
   6.5092470516626089e-01   0.0000000000000000e+00
   7.3076673043408336e-01   0.0000000000000000e+00
   7.8764964985808494e-01   0.0000000000000000e+00
   8.5903249379553293e-01   0.0000000000000000e+00
   9.2867260992694078e-01   0.0000000000000000e+00
   1.0000000000000000e+00   0.0000000000000000e+00
   1.0000000000000000e+00   7.2542678120598406e-02
   0.0000000000000000e+00   1.5630716817931811e-01
   1.0000000000000000e+00   1.3896031539009029e-01
   0.0000000000000000e+00   2.3255847209533301e-01
   1.0000000000000000e+00   2.0844667027040459e-01
   1.0000000000000000e+00   2.8075240814957469e-01
   0.0000000000000000e+00   3.2079776814168298e-01
   1.0000000000000000e+00   3.5488402612137898e-01
   0.0000000000000000e+00   3.9865598121898249e-01
   1.0000000000000000e+00   4.2897946604638398e-01
   0.0000000000000000e+00   4.7686489879729271e-01
   1.0000000000000000e+00   5.0087026628024733e-01
   0.0000000000000000e+00   5.5533488065964209e-01
   1.0000000000000000e+00   5.7495370023997894e-01
   0.0000000000000000e+00   6.3701248933277843e-01
   1.0000000000000000e+00   6.4982598860509166e-01
   0.0000000000000000e+00   7.1877305738457464e-01
   1.0000000000000000e+00   7.1214119059125391e-01
   0.0000000000000000e+00   7.8625248514616597e-01
   1.0000000000000000e+00   7.8366610909710399e-01
   0.0000000000000000e+00   8.5144193364449983e-01
   1.0000000000000000e+00   8.7003967018043760e-01
   0.0000000000000000e+00   9.2586900541256834e-01
   1.0000000000000000e+00   9.1921348713856710e-01
   0.0000000000000000e+00   1.0000000000000000e+00
   7.5798214124132041e-02   1.0000000000000000e+00
   1.4839970403287239e-01   1.0000000000000000e+00
   2.2483992213882339e-01   1.0000000000000000e+00
   2.7580889434965600e-01   1.0000000000000000e+00
   3.6367680915205841e-01   1.0000000000000000e+00
   4.4119604908919979e-01   1.0000000000000000e+00
   5.2285842318808762e-01   1.0000000000000000e+00
   6.0700659797399126e-01   1.0000000000000000e+00
   6.8893774037308964e-01   1.0000000000000000e+00
   7.6612395307950076e-01   1.0000000000000000e+00
   8.4377260094212037e-01   1.0000000000000000e+00
   9.2277467730178753e-01   1.0000000000000000e+00
   1.0000000000000000e+00   1.0000000000000000e+00
   5.1000000000000001e-01   5.2000000000000002e-01
   3.1000000000000000e-01   3.4000000000000002e-01
   7.2999999999999998e-01   7.0999999999999996e-01
   2.8000000000000003e-01   7.1999999999999997e-01
